Fe,C,Si,Mn,Cr,Mo,V,W,hardness_HV,carbide_volume_percent,wear_resistance_index,mass_loss_g,test_method,abrasive_type
76.42,0.579,1.26,0.96,10.23,3.07,1.89,5.58,687.0,23.3,9.61,0.187,ASTM_G65,SiC
78.13,1.126,1.23,1.38,2.66,3.45,2.85,9.18,895.0,34.3,15.85,0.194,ASTM_G65,SiC
87.81,1.217,1.04,0.78,5.66,0.78,0.3,2.41,598.0,22.8,7.68,0.134,ASTM_G65,alumina
79.57,0.554,0.28,1.38,11.82,2.47,1.56,2.36,666.0,20.2,8.45,0.192,ASTM_G65,sand
81.13,1.231,0.37,0.37,11.1,2.83,2.58,0.39,861.0,32.6,15.0,0.104,ASTM_G65,sand
77.02,1.283,0.95,1.0,9.45,1.28,1.84,7.19,900.0,32.5,15.6,0.139,ASTM_G65,alumina
73.65,0.532,0.61,0.38,14.61,3.35,2.58,4.3,779.0,25.6,11.66,0.245,ASTM_G65,alumina
73.13,0.203,1.44,0.94,14.01,4.56,1.3,4.41,591.0,17.9,7.0,0.184,ASTM_G65,SiC
87.94,0.6,0.93,0.33,1.78,3.71,2.66,2.05,621.0,22.3,8.15,0.15,ASTM_G65,sand
77.6,1.862,0.77,1.35,3.2,4.57,1.29,9.36,900.0,40.0,17.36,0.113,ASTM_G65,SiC
92.89,1.256,0.52,0.55,0.71,1.06,1.62,1.4,765.0,25.7,11.27,0.101,ASTM_G65,sand
78.0,1.212,0.13,1.46,6.4,2.6,1.25,8.94,853.0,30.9,14.53,0.076,ASTM_G65,SiC
91.91,0.332,1.38,0.93,1.8,1.99,1.14,0.51,383.0,11.2,3.05,0.454,ASTM_G65,sand
79.1,0.488,1.4,1.19,9.82,2.16,2.78,3.06,716.0,22.3,9.61,0.175,ASTM_G65,alumina
80.17,1.86,0.46,0.72,3.93,2.69,3.0,7.18,900.0,40.0,17.18,0.061,ASTM_G65,SiC
72.44,0.96,1.43,0.96,10.64,2.05,1.67,9.85,829.0,29.6,13.6,0.103,ASTM_G65,sand
66.53,0.673,0.65,0.81,17.08,4.26,2.33,7.67,900.0,30.3,15.33,0.163,ASTM_G65,alumina
64.06,1.821,1.49,0.51,19.58,1.23,2.8,8.51,900.0,40.0,17.35,0.066,ASTM_G65,sand
86.35,0.674,0.83,0.45,5.7,2.11,2.02,1.87,641.0,20.9,7.91,0.183,ASTM_G65,sand
71.15,0.338,0.29,1.18,15.14,4.79,0.62,6.49,648.0,19.5,8.07,0.144,ASTM_G65,SiC
77.18,0.206,0.14,0.47,10.22,2.15,1.62,8.0,549.0,17.2,6.25,0.178,ASTM_G65,SiC
86.16,0.654,0.7,0.62,4.28,2.2,1.11,4.26,616.0,18.8,7.3,0.177,ASTM_G65,SiC
70.59,1.275,1.11,0.83,13.35,3.26,2.47,7.11,900.0,37.4,17.0,0.092,ASTM_G65,SiC
71.76,0.906,0.47,0.34,13.42,4.5,2.79,5.81,897.0,33.4,16.02,0.144,ASTM_G65,SiC
91.69,0.898,1.27,1.29,0.17,0.61,1.05,3.03,590.0,18.8,6.84,0.198,ASTM_G65,SiC
91.04,1.453,0.86,1.05,1.45,0.69,1.66,1.81,833.0,28.8,13.4,0.158,ASTM_G65,sand
87.68,1.535,0.61,1.11,2.91,2.58,2.51,1.06,877.0,34.5,15.79,0.15,ASTM_G65,sand
87.06,0.487,1.04,0.58,2.71,3.14,0.32,4.65,522.0,14.6,5.9,0.229,ASTM_G65,sand
84.23,0.614,0.26,0.46,6.0,4.96,0.16,3.31,558.0,18.1,6.37,0.32,ASTM_G65,sand
90.13,1.999,1.39,0.41,3.25,0.69,1.68,0.46,900.0,36.9,16.54,0.209,ASTM_G65,sand
80.35,1.079,0.99,0.79,6.49,3.7,1.79,4.82,896.0,29.6,15.13,0.12,ASTM_G65,alumina
73.13,1.669,0.3,1.25,13.53,4.14,2.53,3.46,900.0,40.0,16.85,0.077,ASTM_G65,sand
85.55,1.737,1.29,1.28,3.42,3.23,2.55,0.94,900.0,38.4,16.41,0.083,ASTM_G65,SiC
81.11,0.767,1.11,0.5,6.34,0.38,2.55,7.25,679.0,25.1,9.05,0.12,ASTM_G65,sand
81.25,0.804,0.95,1.3,6.91,0.18,0.0,8.6,705.0,18.6,9.2,0.154,ASTM_G65,sand
76.89,0.269,0.44,1.49,8.36,4.63,0.78,7.15,667.0,17.1,8.07,0.288,ASTM_G65,alumina
84.21,0.323,0.39,1.49,4.68,0.8,2.09,6.02,578.0,16.3,6.76,0.16,ASTM_G65,sand
81.07,1.727,1.06,1.19,11.77,1.13,0.25,1.79,900.0,32.2,15.55,0.212,ASTM_G65,SiC
69.73,0.451,0.99,0.96,16.99,1.56,0.85,8.46,728.0,20.2,9.58,0.115,ASTM_G65,alumina
78.32,1.458,0.5,0.74,11.03,1.92,1.47,4.56,900.0,33.8,16.05,0.219,ASTM_G65,SiC
82.96,1.549,0.17,1.48,5.48,1.6,0.74,6.02,888.0,31.7,15.14,0.086,ASTM_G65,SiC
72.96,1.74,0.31,0.82,8.89,4.8,2.39,8.09,900.0,40.0,16.99,0.078,ASTM_G65,SiC
66.96,1.928,0.95,0.93,17.45,4.53,0.27,6.97,900.0,40.0,17.29,0.064,ASTM_G65,SiC
72.91,0.504,0.44,1.4,18.32,1.27,0.61,4.55,632.0,18.4,7.77,0.214,ASTM_G65,alumina
83.49,0.955,0.85,1.16,5.67,2.53,0.76,4.59,664.0,23.1,8.55,0.16,ASTM_G65,sand
69.72,1.172,1.16,0.82,15.31,1.22,2.71,7.88,900.0,35.5,16.44,0.082,ASTM_G65,alumina
71.99,0.839,0.15,0.62,12.15,4.23,2.79,7.22,896.0,32.4,15.75,0.12,ASTM_G65,alumina
74.37,1.527,0.44,1.19,17.31,2.68,2.12,0.37,900.0,37.3,16.57,0.111,ASTM_G65,SiC
64.89,1.722,0.88,0.75,17.86,4.14,2.46,7.28,900.0,40.0,17.45,0.085,ASTM_G65,sand
87.15,0.343,0.8,1.13,6.47,0.43,1.48,2.19,499.0,13.0,4.84,0.253,ASTM_G65,SiC
71.77,0.979,0.95,1.05,10.38,4.69,1.59,8.59,900.0,31.6,15.23,0.076,ASTM_G65,sand
70.96,1.993,0.61,1.27,14.35,2.82,1.35,6.65,900.0,40.0,17.3,0.312,ASTM_G65,sand
78.92,0.695,0.95,0.85,13.2,4.27,0.41,0.71,691.0,20.2,9.16,0.139,ASTM_G65,SiC
70.27,1.274,0.87,0.89,16.37,0.87,2.04,7.41,892.0,34.7,16.03,0.097,ASTM_G65,alumina
87.22,0.231,0.34,1.39,3.91,1.14,2.82,2.94,529.0,15.7,5.61,0.202,ASTM_G65,alumina
77.45,1.295,0.7,0.85,15.65,1.11,0.08,2.86,801.0,26.9,12.13,0.094,ASTM_G65,SiC
83.25,1.69,0.39,0.74,0.04,3.86,1.39,8.65,900.0,37.7,16.68,0.082,ASTM_G65,alumina
72.16,1.643,0.52,0.72,13.09,1.92,0.05,9.89,900.0,35.6,16.18,0.069,ASTM_G65,sand
80.71,1.812,1.39,0.79,9.24,2.51,2.31,1.24,900.0,40.0,17.08,0.164,ASTM_G65,sand
66.04,1.763,0.83,0.49,19.75,3.28,0.45,7.4,900.0,40.0,17.13,0.075,ASTM_G65,SiC
73.11,0.863,1.02,0.45,9.78,2.87,2.72,9.2,893.0,31.5,15.26,0.145,ASTM_G65,alumina
82.2,0.372,0.43,0.68,13.26,0.33,1.65,1.09,509.0,15.4,4.93,0.233,ASTM_G65,alumina
77.34,0.203,1.08,1.3,11.49,1.14,1.18,6.26,555.0,14.3,5.99,0.227,ASTM_G65,SiC
67.85,0.822,1.5,0.42,19.16,2.15,0.07,8.03,847.0,24.4,12.92,0.08,ASTM_G65,sand
70.0,0.578,1.07,0.78,14.99,2.12,0.86,9.61,773.0,22.7,11.14,0.109,ASTM_G65,sand
77.62,0.511,0.73,1.5,11.79,3.62,2.21,2.03,674.0,22.5,9.32,0.225,ASTM_G65,SiC
73.16,0.385,1.46,0.78,16.96,0.23,1.08,5.94,685.0,17.3,8.58,0.224,ASTM_G65,alumina
80.34,0.226,1.49,1.3,8.87,0.33,2.08,5.35,583.0,15.3,6.74,0.157,ASTM_G65,sand
88.85,0.629,1.02,0.88,3.2,2.59,2.58,0.25,618.0,20.8,7.87,0.192,ASTM_G65,SiC
80.19,1.899,0.51,1.4,4.33,0.72,1.66,9.28,900.0,40.0,17.05,0.115,ASTM_G65,sand
77.82,1.749,0.88,1.4,8.53,4.25,0.72,4.67,900.0,37.5,17.04,0.095,ASTM_G65,alumina
72.09,0.216,1.27,0.76,18.03,3.54,2.38,1.71,619.0,20.2,7.48,0.197,ASTM_G65,sand
84.14,0.208,1.28,0.37,8.21,0.56,1.99,3.26,526.0,13.7,5.2,0.255,ASTM_G65,sand
91.71,1.378,0.46,0.54,1.11,3.16,0.74,0.89,709.0,26.8,10.18,0.134,ASTM_G65,sand
71.9,1.963,0.55,0.51,11.32,3.98,2.85,6.94,900.0,40.0,16.76,0.131,ASTM_G65,sand
77.72,1.5,0.71,1.31,10.58,1.41,2.04,4.73,900.0,35.6,16.5,0.075,ASTM_G65,sand
81.39,1.529,1.27,0.55,1.35,3.95,1.92,8.04,900.0,37.1,16.97,0.224,ASTM_G65,sand
71.25,0.723,1.08,1.11,11.81,3.14,2.7,8.2,866.0,29.7,14.18,0.079,ASTM_G65,sand
73.99,1.496,1.36,0.49,11.57,2.77,1.38,6.95,900.0,36.3,16.63,0.177,ASTM_G65,sand
74.49,1.234,1.35,0.54,13.53,0.47,1.64,6.76,900.0,31.3,15.7,0.091,ASTM_G65,alumina
83.58,1.483,0.21,0.37,6.51,0.12,0.48,7.26,834.0,29.4,13.59,0.16,ASTM_G65,SiC
79.15,1.408,0.1,0.63,7.59,4.65,1.39,5.07,900.0,34.8,16.58,0.089,ASTM_G65,alumina
71.49,0.975,0.58,0.72,18.61,1.34,1.36,4.93,852.0,28.1,14.1,0.119,ASTM_G65,sand
82.79,0.742,0.5,0.63,3.25,4.29,0.8,6.99,694.0,22.3,9.24,0.116,ASTM_G65,alumina
75.63,1.697,0.51,0.51,10.74,0.37,2.13,8.41,900.0,39.6,16.91,0.062,ASTM_G65,sand
84.13,1.09,0.8,0.73,4.21,1.07,1.16,6.82,713.0,25.6,9.94,0.128,ASTM_G65,sand
69.72,0.652,0.66,1.36,16.56,1.99,0.16,8.89,728.0,21.7,9.45,0.11,ASTM_G65,SiC
86.62,1.445,1.16,1.33,2.31,0.41,2.36,4.36,861.0,32.0,14.5,0.072,ASTM_G65,alumina
74.65,1.875,1.1,1.28,12.91,2.65,1.93,3.6,900.0,40.0,17.11,0.114,ASTM_G65,alumina
91.21,0.678,0.18,1.43,2.37,0.89,0.08,3.17,480.0,13.6,4.93,0.258,ASTM_G65,alumina
72.53,1.807,0.35,0.73,15.02,4.89,2.15,2.52,900.0,40.0,16.96,0.07,ASTM_G65,alumina
83.63,1.877,1.38,0.7,1.9,4.58,0.47,5.46,900.0,37.4,16.67,0.087,ASTM_G65,alumina
91.71,0.933,1.21,0.52,3.05,0.39,0.73,1.46,557.0,18.2,6.49,0.19,ASTM_G65,SiC
81.87,1.44,0.74,1.18,3.11,4.94,1.34,5.39,885.0,34.2,15.43,0.118,ASTM_G65,SiC
72.21,1.64,1.02,1.21,11.39,2.89,1.8,7.84,900.0,40.0,16.97,0.099,ASTM_G65,sand
86.27,1.385,1.08,0.39,1.0,4.95,2.3,2.62,897.0,34.2,15.99,0.102,ASTM_G65,SiC
76.66,0.569,1.32,1.26,7.96,4.21,0.03,8.0,627.0,19.2,7.98,0.204,ASTM_G65,SiC
69.62,1.391,0.97,0.88,12.84,3.52,2.77,8.01,900.0,40.0,16.79,0.177,ASTM_G65,alumina
78.78,1.784,0.97,1.18,9.3,0.84,0.33,6.82,900.0,34.8,15.79,0.132,ASTM_G65,SiC
72.47,1.891,0.6,0.52,13.23,4.5,0.1,6.68,900.0,40.0,16.89,0.073,ASTM_G65,alumina
66.47,1.795,0.95,0.32,18.93,2.34,1.47,7.73,900.0,40.0,17.24,0.064,ASTM_G65,sand
82.5,1.61,1.49,1.07,5.57,4.33,0.82,2.6,894.0,33.9,15.96,0.068,ASTM_G65,SiC
68.33,1.023,1.12,1.07,18.6,1.64,0.33,7.88,829.0,27.5,13.53,0.162,ASTM_G65,SiC
89.74,1.624,1.29,0.94,0.39,4.47,1.15,0.4,834.0,32.6,14.32,0.08,ASTM_G65,SiC
79.98,1.024,0.95,1.29,10.45,0.55,2.89,2.87,867.0,29.2,14.25,0.189,ASTM_G65,alumina
86.92,1.791,0.15,1.31,2.71,2.96,2.18,1.98,900.0,38.2,16.65,0.069,ASTM_G65,alumina
66.37,1.479,1.21,1.14,14.1,4.76,2.7,8.24,900.0,40.0,17.12,0.089,ASTM_G65,alumina
87.45,1.803,0.16,0.47,5.55,0.5,2.73,1.32,900.0,38.1,17.04,0.129,ASTM_G65,sand
86.07,1.942,1.18,0.76,5.8,1.46,0.94,1.86,900.0,36.1,16.39,0.079,ASTM_G65,alumina
71.38,0.592,0.72,0.94,13.71,2.44,2.08,8.14,760.0,25.8,11.43,0.2,ASTM_G65,sand
84.27,1.312,1.09,1.03,11.09,0.41,0.38,0.41,721.0,24.8,10.44,0.122,ASTM_G65,sand
83.13,0.256,0.66,0.6,4.41,0.86,2.25,7.83,570.0,16.7,6.29,0.166,ASTM_G65,alumina
83.43,1.963,0.7,1.5,5.05,0.6,3.0,3.76,900.0,40.0,17.19,0.107,ASTM_G65,alumina
69.29,1.389,0.37,0.3,19.45,3.77,1.1,4.33,900.0,35.9,16.46,0.07,ASTM_G65,sand
77.01,0.287,1.48,1.35,11.06,2.15,0.71,5.95,598.0,14.9,6.93,0.145,ASTM_G65,alumina
83.73,1.628,1.07,0.73,7.47,2.48,1.21,1.68,877.0,33.6,15.12,0.067,ASTM_G65,alumina
74.94,1.014,0.7,1.42,18.69,0.18,1.46,1.61,818.0,26.2,12.36,0.088,ASTM_G65,SiC
76.46,0.237,0.5,1.45,7.94,1.64,1.88,9.89,599.0,18.2,7.04,0.205,ASTM_G65,SiC
75.24,0.871,0.98,0.85,10.54,4.91,0.13,6.48,767.0,24.8,11.24,0.101,ASTM_G65,sand
79.93,0.212,0.51,1.47,3.18,3.95,1.69,9.06,601.0,17.7,7.26,0.178,ASTM_G65,SiC
85.9,1.61,0.29,0.99,1.88,1.48,0.47,7.36,840.0,31.3,14.09,0.074,ASTM_G65,sand
71.1,1.769,0.73,1.13,18.0,1.46,0.41,5.4,900.0,37.3,16.58,0.061,ASTM_G65,sand
71.85,1.904,0.44,0.41,11.14,2.69,1.9,9.67,900.0,40.0,16.9,0.08,ASTM_G65,alumina
75.63,1.287,0.84,0.74,8.55,3.96,1.83,7.16,900.0,34.9,16.16,0.064,ASTM_G65,sand
81.63,1.025,0.54,1.46,6.71,1.28,2.38,4.98,779.0,28.3,11.81,0.096,ASTM_G65,SiC
77.82,0.794,0.41,0.6,13.7,3.63,0.65,2.4,695.0,22.8,9.07,0.235,ASTM_G65,SiC
70.4,1.308,1.49,0.4,18.63,4.4,2.34,1.03,900.0,37.1,16.45,0.099,ASTM_G65,sand
85.33,1.669,1.06,1.33,4.45,3.1,2.55,0.5,900.0,37.4,16.76,0.083,ASTM_G65,sand
79.94,0.604,0.72,1.2,13.17,1.64,0.2,2.53,592.0,16.5,7.02,0.322,ASTM_G65,alumina
80.18,0.399,0.1,1.16,6.13,4.35,1.9,5.77,599.0,20.8,7.31,0.14,ASTM_G65,alumina
85.37,1.081,1.12,0.34,3.51,3.24,2.76,2.58,855.0,30.1,14.32,0.1,ASTM_G65,alumina
83.83,0.403,0.41,1.01,6.34,0.6,2.13,5.29,585.0,17.6,6.71,0.248,ASTM_G65,alumina
72.98,0.361,1.44,1.35,17.48,3.95,1.9,0.53,701.0,20.6,9.43,0.113,ASTM_G65,sand
77.05,1.543,0.66,0.81,16.09,1.34,0.33,2.18,900.0,31.4,15.58,0.068,ASTM_G65,alumina
85.31,1.943,1.21,1.21,1.55,0.96,0.06,7.77,900.0,34.6,16.07,0.072,ASTM_G65,sand
82.01,1.669,1.26,0.91,11.45,0.66,0.83,1.21,873.0,32.2,14.74,0.125,ASTM_G65,SiC
73.93,1.038,0.42,0.88,17.11,0.77,0.51,5.34,768.0,25.7,11.76,0.101,ASTM_G65,SiC
84.58,0.427,1.0,0.87,0.46,4.95,1.15,6.55,584.0,18.2,6.41,0.161,ASTM_G65,SiC
76.47,1.978,0.7,0.84,13.19,3.68,2.37,0.78,900.0,40.0,17.24,0.06,ASTM_G65,alumina
80.82,1.192,0.8,1.48,5.89,2.95,1.52,5.36,846.0,29.8,14.31,0.07,ASTM_G65,alumina
92.83,0.539,0.9,0.92,0.19,3.72,0.12,0.78,483.0,12.6,4.97,0.213,ASTM_G65,sand
72.67,1.235,0.5,1.16,17.6,1.48,0.97,4.39,900.0,30.4,15.24,0.11,ASTM_G65,alumina
86.59,0.202,0.99,0.57,2.92,3.01,1.23,4.5,467.0,12.8,4.37,0.234,ASTM_G65,alumina
72.21,1.148,0.22,1.49,11.11,4.07,1.69,8.05,869.0,33.7,15.48,0.095,ASTM_G65,alumina
67.59,1.269,0.61,0.66,18.56,4.42,0.37,6.52,900.0,33.4,15.53,0.076,ASTM_G65,alumina
76.83,0.356,0.45,1.09,15.18,1.37,1.22,3.51,563.0,16.7,6.49,0.212,ASTM_G65,SiC
68.4,0.941,0.84,0.41,15.59,4.71,0.44,8.68,851.0,29.1,13.87,0.119,ASTM_G65,SiC
73.4,1.722,0.55,0.91,12.06,3.72,2.49,5.16,900.0,40.0,17.11,0.105,ASTM_G65,alumina
74.92,0.724,0.72,1.19,12.54,2.41,0.82,6.68,710.0,22.8,10.19,0.112,ASTM_G65,alumina
86.21,1.354,0.2,0.85,5.58,1.49,1.11,3.21,811.0,28.4,12.78,0.093,ASTM_G65,sand
76.81,1.068,0.11,1.29,12.39,0.19,0.91,7.22,847.0,26.3,13.31,0.172,ASTM_G65,SiC
65.52,1.92,1.12,0.8,17.52,4.39,2.06,6.66,900.0,40.0,17.04,0.108,ASTM_G65,alumina
80.78,1.038,0.35,1.03,12.21,1.58,1.85,1.17,799.0,26.9,12.34,0.113,ASTM_G65,SiC
74.63,1.155,0.91,0.3,6.76,3.8,2.98,9.45,900.0,36.8,16.41,0.064,ASTM_G65,sand
70.39,0.36,0.4,1.06,16.02,0.96,2.11,8.7,719.0,21.8,9.58,0.199,ASTM_G65,sand
78.52,0.312,0.34,0.37,11.69,1.44,0.87,6.46,588.0,15.4,6.43,0.215,ASTM_G65,sand
86.02,0.436,1.49,0.36,1.42,0.38,2.61,7.29,602.0,18.8,7.58,0.183,ASTM_G65,SiC
67.37,0.748,1.43,1.21,17.97,1.0,2.83,7.44,872.0,29.8,14.54,0.071,ASTM_G65,SiC
91.77,0.585,0.72,1.09,0.31,3.39,1.2,0.95,513.0,16.3,5.21,0.241,ASTM_G65,alumina
71.47,1.351,0.39,1.33,14.43,3.83,0.86,6.33,900.0,34.2,16.11,0.146,ASTM_G65,SiC
82.8,1.968,0.46,1.08,3.84,2.78,1.53,5.54,900.0,40.0,17.11,0.076,ASTM_G65,SiC
81.93,0.204,0.42,0.8,9.23,1.33,0.45,5.63,442.0,11.3,3.65,0.387,ASTM_G65,sand
72.55,0.899,0.46,0.81,17.24,4.83,1.13,2.09,798.0,27.9,12.29,0.123,ASTM_G65,sand
78.32,0.487,0.33,0.89,13.45,1.6,1.43,3.48,644.0,19.0,8.06,0.173,ASTM_G65,sand
81.29,1.658,0.18,1.3,14.32,0.17,0.32,0.76,890.0,30.7,15.53,0.087,ASTM_G65,sand
75.76,1.938,1.45,0.46,11.43,0.18,2.06,6.71,900.0,40.0,16.89,0.074,ASTM_G65,SiC
74.96,0.931,0.7,1.43,6.98,4.96,1.62,8.42,836.0,30.1,13.63,0.078,ASTM_G65,sand
85.13,1.974,1.3,0.85,2.11,3.32,1.27,4.06,900.0,39.4,16.97,0.064,ASTM_G65,sand
84.81,0.533,1.08,1.17,6.15,2.78,2.13,1.34,620.0,19.7,7.44,0.151,ASTM_G65,alumina
83.56,1.136,1.23,0.67,5.21,1.04,1.43,5.73,780.0,26.8,11.76,0.123,ASTM_G65,sand
88.34,0.574,0.25,0.63,3.31,3.56,1.98,1.35,542.0,19.8,6.12,0.184,ASTM_G65,sand
73.25,1.62,1.26,0.43,17.35,3.88,1.66,0.55,900.0,38.6,17.3,0.07,ASTM_G65,alumina
63.66,0.945,1.41,1.02,16.33,4.77,2.43,9.43,900.0,35.8,16.49,0.073,ASTM_G65,alumina
78.88,0.289,1.26,0.88,2.92,4.89,1.95,8.92,661.0,20.4,8.34,0.165,ASTM_G65,SiC
73.1,0.476,0.51,0.52,15.87,3.17,0.5,5.84,660.0,19.5,8.21,0.167,ASTM_G65,alumina
72.18,1.857,1.31,0.37,12.31,1.13,2.64,8.2,900.0,40.0,17.07,0.275,ASTM_G65,sand
70.09,1.839,0.19,0.67,12.58,4.69,1.71,8.21,900.0,40.0,17.35,0.125,ASTM_G65,SiC
81.59,0.44,1.46,0.62,6.83,3.38,0.34,5.34,564.0,15.7,6.5,0.157,ASTM_G65,sand
76.88,1.732,0.35,0.95,14.42,3.24,0.48,1.94,900.0,36.0,16.05,0.072,ASTM_G65,sand
75.55,1.458,0.92,1.12,8.72,2.35,2.67,7.22,900.0,38.4,16.91,0.113,ASTM_G65,sand
89.77,0.285,0.65,1.41,0.89,0.92,2.43,3.65,504.0,14.6,5.06,0.238,ASTM_G65,SiC
75.66,1.506,0.31,1.48,10.23,0.05,2.51,8.25,900.0,37.4,17.0,0.071,ASTM_G65,SiC
66.1,1.378,1.41,0.75,19.03,1.96,1.31,8.06,900.0,36.3,16.27,0.079,ASTM_G65,SiC
77.88,0.395,0.48,1.0,16.39,0.48,0.47,2.9,583.0,14.2,6.32,0.171,ASTM_G65,alumina
83.81,1.724,0.21,0.95,6.66,2.62,0.34,3.68,900.0,33.3,15.75,0.093,ASTM_G65,sand
73.18,0.202,0.48,1.07,18.44,0.06,1.39,5.16,598.0,15.4,6.55,0.161,ASTM_G65,SiC
84.15,1.854,1.2,1.35,3.86,0.75,2.8,4.04,900.0,40.0,17.02,0.084,ASTM_G65,SiC
83.04,0.932,1.34,0.88,1.38,2.07,0.4,9.94,706.0,22.7,9.55,0.127,ASTM_G65,alumina
78.55,1.97,0.32,1.14,11.08,2.39,2.17,2.39,900.0,40.0,16.87,0.069,ASTM_G65,alumina
81.53,1.4,1.49,0.5,5.89,2.73,0.64,5.8,865.0,30.3,14.5,0.089,ASTM_G65,sand
69.08,0.25,1.03,1.1,18.05,0.45,1.13,8.89,636.0,17.5,7.79,0.239,ASTM_G65,sand
90.9,0.352,0.92,1.37,0.75,2.0,1.18,2.54,413.0,12.3,3.76,0.39,ASTM_G65,SiC
78.1,1.574,1.19,1.08,13.06,2.37,1.25,1.37,900.0,34.3,16.11,0.094,ASTM_G65,SiC
71.79,0.626,0.2,1.32,17.06,2.74,2.76,3.5,787.0,27.3,11.89,0.091,ASTM_G65,sand
84.11,1.569,0.37,0.95,5.61,0.66,0.74,6.0,834.0,31.1,13.91,0.146,ASTM_G65,SiC
76.7,0.665,1.21,0.82,11.28,4.51,1.47,3.35,706.0,23.9,9.9,0.224,ASTM_G65,SiC
72.19,1.151,0.54,1.37,11.24,4.54,2.49,6.5,900.0,35.9,16.45,0.111,ASTM_G65,SiC
66.23,0.588,0.39,0.44,18.78,1.91,2.77,8.89,842.0,29.1,13.48,0.102,ASTM_G65,alumina
80.96,1.321,0.38,1.14,6.2,2.58,0.97,6.45,867.0,30.4,14.71,0.078,ASTM_G65,sand
92.75,1.141,0.48,0.53,0.93,0.52,1.69,1.95,743.0,24.0,10.59,0.109,ASTM_G65,alumina
80.97,0.547,0.44,1.32,11.45,0.54,1.65,3.08,609.0,18.7,7.33,0.261,ASTM_G65,alumina
63.53,1.15,0.44,1.49,19.67,4.64,0.03,9.05,900.0,32.4,15.46,0.095,ASTM_G65,SiC
81.26,0.983,1.27,0.94,4.11,4.4,0.22,6.83,748.0,24.4,10.84,0.145,ASTM_G65,SiC
85.7,1.157,0.98,1.37,3.19,2.32,1.0,4.28,724.0,25.8,10.31,0.17,ASTM_G65,sand
67.02,1.317,0.59,0.84,16.99,4.74,1.45,7.05,900.0,37.5,16.73,0.075,ASTM_G65,alumina
87.56,1.669,0.67,1.37,2.39,0.47,1.97,3.9,900.0,34.1,15.97,0.075,ASTM_G65,sand
71.73,0.627,0.21,0.37,19.15,1.33,1.75,4.85,786.0,24.1,11.12,0.131,ASTM_G65,alumina
84.05,0.895,0.59,1.12,7.44,2.56,0.52,2.84,677.0,21.2,8.78,0.194,ASTM_G65,alumina
73.15,0.725,1.04,0.61,9.29,4.13,2.68,8.39,882.0,30.0,15.13,0.08,ASTM_G65,SiC
71.95,1.397,1.34,1.5,11.55,3.36,1.95,6.95,900.0,37.1,16.54,0.087,ASTM_G65,sand
83.19,1.574,0.97,0.96,9.97,1.12,1.12,1.09,872.0,31.6,14.7,0.246,ASTM_G65,sand
74.82,1.196,1.21,1.09,17.94,2.21,1.28,0.26,900.0,29.5,15.1,0.08,ASTM_G65,sand
80.46,1.825,1.03,0.63,4.32,3.13,2.82,5.78,900.0,40.0,17.42,0.114,ASTM_G65,SiC
74.37,0.823,0.43,1.35,9.27,3.27,0.8,9.69,714.0,25.6,10.02,0.103,ASTM_G65,alumina
77.94,1.631,0.29,1.24,9.29,3.04,2.97,3.59,900.0,40.0,17.02,0.066,ASTM_G65,alumina
80.65,0.863,0.77,1.14,11.83,2.42,0.59,1.74,684.0,21.5,9.22,0.152,ASTM_G65,alumina
66.86,1.773,0.92,0.88,15.49,3.95,2.03,8.11,900.0,40.0,17.25,0.058,ASTM_G65,SiC
80.41,0.544,1.31,1.42,0.04,4.57,2.49,9.22,733.0,24.8,10.38,0.13,ASTM_G65,alumina
84.63,1.655,1.25,1.27,4.46,2.97,0.49,3.28,827.0,32.2,13.44,0.103,ASTM_G65,sand
76.65,1.269,1.15,0.68,10.45,2.52,2.1,5.18,883.0,33.6,15.35,0.08,ASTM_G65,sand
84.18,0.679,1.31,0.66,6.81,3.59,2.24,0.53,650.0,22.8,8.41,0.565,ASTM_G65,sand
83.47,1.767,1.2,0.93,5.29,3.94,0.95,2.45,900.0,36.1,16.22,0.076,ASTM_G65,alumina
83.57,1.681,1.19,0.87,2.09,1.49,1.43,7.68,900.0,35.4,16.04,0.063,ASTM_G65,SiC
69.47,1.729,0.93,1.49,16.88,3.41,0.6,5.5,900.0,38.9,16.78,0.117,ASTM_G65,SiC
74.43,1.972,0.62,1.2,13.63,2.92,0.54,4.68,900.0,40.0,17.31,0.18,ASTM_G65,alumina
85.6,1.025,0.51,0.89,1.78,4.65,0.93,4.61,736.0,25.7,11.11,0.107,ASTM_G65,sand
77.79,0.584,0.5,1.15,10.56,0.53,2.79,6.11,719.0,23.9,9.69,0.138,ASTM_G65,alumina
73.4,0.853,1.38,0.34,15.43,4.32,2.95,1.32,900.0,31.3,15.44,0.101,ASTM_G65,SiC
66.23,0.313,1.2,0.45,16.49,3.36,2.18,9.77,776.0,24.4,11.46,0.111,ASTM_G65,sand
81.83,1.453,0.11,1.49,7.84,1.9,2.97,2.42,900.0,36.1,16.55,0.066,ASTM_G65,SiC
79.73,1.471,0.95,1.44,7.67,2.21,0.74,5.78,881.0,31.7,15.19,0.072,ASTM_G65,sand
73.51,0.484,1.02,0.7,19.83,0.54,1.35,2.55,713.0,19.1,9.42,0.155,ASTM_G65,SiC
78.52,0.462,1.35,1.32,10.76,0.83,1.27,5.5,622.0,17.5,7.33,0.226,ASTM_G65,SiC
66.96,0.235,0.71,1.41,15.36,4.79,0.85,9.68,778.0,20.3,10.92,0.105,ASTM_G65,alumina
83.52,1.217,0.65,1.39,0.08,2.01,2.23,8.91,893.0,31.4,15.14,0.109,ASTM_G65,alumina
86.92,1.598,0.94,1.1,0.06,0.44,2.16,6.78,899.0,34.3,15.79,0.082,ASTM_G65,sand
85.04,1.635,0.36,1.08,8.69,0.96,1.19,1.04,892.0,32.2,15.59,0.077,ASTM_G65,SiC
72.2,1.513,1.25,0.53,9.57,2.93,2.87,9.14,900.0,40.0,17.21,0.113,ASTM_G65,alumina
73.16,1.68,0.82,1.47,12.14,0.32,2.19,8.2,900.0,39.8,16.99,0.186,ASTM_G65,alumina
75.2,0.47,0.58,1.14,15.24,4.68,2.41,0.28,694.0,23.7,9.29,0.254,ASTM_G65,alumina
84.07,1.728,0.32,0.58,6.67,0.44,1.33,4.86,900.0,34.8,15.99,0.074,ASTM_G65,alumina
78.33,0.666,0.48,1.2,6.57,2.06,1.58,9.12,692.0,23.3,9.64,0.111,ASTM_G65,alumina
77.67,1.938,1.34,0.65,10.42,2.41,0.26,5.31,900.0,38.0,16.62,0.065,ASTM_G65,SiC
80.84,0.966,0.14,1.45,2.91,3.87,0.6,9.23,780.0,25.6,11.58,0.113,ASTM_G65,alumina
85.59,0.426,1.06,0.99,3.33,3.78,2.49,2.33,556.0,19.8,6.76,0.151,ASTM_G65,sand
73.22,1.488,0.8,0.39,18.19,4.49,1.28,0.14,900.0,36.2,16.31,0.066,ASTM_G65,SiC
80.95,1.836,1.47,1.23,7.07,2.03,2.61,2.8,900.0,40.0,17.13,0.069,ASTM_G65,sand
67.69,1.333,1.08,1.24,15.16,2.87,2.82,7.8,900.0,39.8,17.34,0.118,ASTM_G65,SiC
85.87,1.082,0.32,1.47,3.89,4.02,0.79,2.56,756.0,25.1,10.98,0.149,ASTM_G65,SiC
77.35,1.023,0.39,1.05,15.91,1.34,0.37,2.55,785.0,23.9,11.57,0.167,ASTM_G65,SiC
74.63,1.832,0.98,1.1,11.44,2.44,1.96,5.61,900.0,40.0,17.21,0.081,ASTM_G65,sand
66.2,1.906,0.97,1.22,16.49,3.22,2.11,7.9,900.0,40.0,17.18,0.229,ASTM_G65,alumina
79.9,0.469,1.39,0.95,5.51,4.66,2.57,4.56,684.0,23.3,9.42,0.137,ASTM_G65,sand
91.32,0.975,0.85,1.49,0.29,2.5,0.85,1.71,608.0,20.6,7.62,0.171,ASTM_G65,alumina
84.63,1.455,0.45,0.72,5.81,0.44,1.16,5.34,812.0,30.2,13.49,0.279,ASTM_G65,sand
85.87,0.568,0.28,0.75,8.2,2.26,1.47,0.58,617.0,18.0,7.54,0.14,ASTM_G65,SiC
83.85,1.412,1.5,0.9,6.61,1.32,1.31,3.1,838.0,30.0,13.84,0.149,ASTM_G65,sand
66.57,1.3,1.25,1.12,19.2,2.86,0.75,6.94,900.0,33.8,16.09,0.124,ASTM_G65,alumina
68.98,1.0,0.3,1.09,17.38,2.32,0.64,8.28,900.0,28.6,14.67,0.072,ASTM_G65,SiC
86.71,1.299,0.93,0.56,1.53,3.98,2.49,2.51,831.0,32.6,14.18,0.154,ASTM_G65,sand
86.91,0.821,1.18,0.65,0.81,0.75,2.89,6.0,718.0,25.0,9.99,0.149,ASTM_G65,sand
82.2,1.549,0.33,0.6,11.72,0.16,2.0,1.45,855.0,33.6,14.62,0.074,ASTM_G65,SiC
73.88,1.67,0.79,1.26,15.15,2.81,1.52,2.93,900.0,38.4,16.6,0.066,ASTM_G65,alumina
84.55,1.663,1.37,0.68,1.01,2.7,2.15,5.88,900.0,37.3,16.94,0.215,ASTM_G65,alumina
72.54,1.748,0.14,0.53,11.58,4.14,1.47,7.84,900.0,40.0,16.92,0.069,ASTM_G65,SiC
78.28,1.577,0.39,0.69,6.21,1.11,1.92,9.83,900.0,37.3,16.54,0.078,ASTM_G65,alumina
72.92,1.326,0.4,1.26,18.46,2.02,0.52,3.1,876.0,30.6,14.65,0.078,ASTM_G65,sand
85.27,0.347,1.46,1.17,2.73,2.76,1.83,4.43,621.0,16.5,6.96,0.224,ASTM_G65,alumina
63.06,1.957,1.44,1.26,19.46,4.2,0.17,8.46,900.0,40.0,16.97,0.059,ASTM_G65,sand
77.64,1.016,0.38,0.49,5.8,4.48,1.13,9.07,858.0,29.4,14.37,0.183,ASTM_G65,alumina
83.49,0.337,1.15,1.39,7.66,0.02,2.3,3.65,507.0,16.1,5.42,0.242,ASTM_G65,SiC
74.3,0.211,0.71,0.5,18.11,0.52,2.15,3.5,591.0,17.3,6.75,0.172,ASTM_G65,sand
90.22,0.546,0.33,1.12,1.63,2.2,1.62,2.33,539.0,16.9,5.7,0.196,ASTM_G65,alumina
87.27,1.173,1.3,0.37,2.14,4.35,1.14,2.26,771.0,27.1,11.18,0.109,ASTM_G65,SiC
82.11,1.536,0.23,1.28,10.8,3.39,0.66,0.0,838.0,31.6,13.9,0.101,ASTM_G65,sand
87.63,1.423,1.42,0.67,3.03,2.48,2.95,0.4,869.0,33.8,15.13,0.124,ASTM_G65,sand
84.69,1.089,0.46,1.45,6.86,1.9,1.41,2.14,748.0,25.6,10.68,0.168,ASTM_G65,sand
79.44,1.812,0.96,0.88,14.59,1.1,0.31,0.9,900.0,34.0,16.11,0.07,ASTM_G65,sand
87.55,0.493,0.95,0.88,1.21,1.99,2.82,4.11,652.0,20.3,7.86,0.145,ASTM_G65,sand
84.75,1.282,0.79,1.12,9.53,1.24,1.15,0.14,777.0,26.9,11.67,0.22,ASTM_G65,SiC
86.68,0.639,0.25,1.15,5.75,1.53,2.64,1.36,615.0,21.5,7.98,0.237,ASTM_G65,SiC
71.57,0.524,0.26,1.28,15.33,4.47,0.21,6.35,687.0,20.7,9.32,0.145,ASTM_G65,alumina
67.0,0.794,0.95,0.37,19.1,2.26,0.91,8.61,881.0,26.9,14.49,0.077,ASTM_G65,alumina
83.26,0.661,0.4,0.96,4.25,2.95,0.47,7.06,660.0,19.1,8.13,0.203,ASTM_G65,sand
77.66,0.885,0.13,1.3,7.4,0.34,2.62,9.68,783.0,28.5,12.43,0.107,ASTM_G65,alumina
69.94,0.501,0.89,0.31,18.74,0.32,2.25,7.05,753.0,23.7,10.78,0.146,ASTM_G65,alumina
72.45,0.548,1.19,1.32,17.44,2.67,2.85,1.52,793.0,25.5,12.12,0.085,ASTM_G65,SiC
70.08,1.457,0.82,0.51,19.64,1.36,1.71,4.43,900.0,36.4,16.37,0.067,ASTM_G65,SiC
72.19,0.58,0.87,1.33,17.82,2.65,0.72,3.83,665.0,20.8,8.79,0.122,ASTM_G65,SiC
89.22,0.673,1.32,0.64,1.28,0.08,2.77,4.02,625.0,20.9,7.55,0.166,ASTM_G65,SiC
71.25,0.715,0.27,1.06,16.96,3.35,0.33,6.07,800.0,23.2,11.92,0.087,ASTM_G65,sand
71.04,0.966,1.3,0.3,12.47,3.93,1.15,8.84,900.0,30.0,15.58,0.075,ASTM_G65,SiC
88.15,1.306,0.99,1.01,1.21,3.89,2.38,1.04,817.0,31.5,13.81,0.073,ASTM_G65,alumina
75.55,1.681,1.38,1.12,10.22,1.83,0.99,7.23,900.0,36.7,16.62,0.068,ASTM_G65,SiC
86.28,1.242,1.26,1.07,3.89,3.74,1.38,1.13,738.0,28.3,10.94,0.184,ASTM_G65,SiC
78.82,1.019,0.18,0.98,7.95,1.0,2.69,7.36,860.0,30.4,13.97,0.237,ASTM_G65,alumina
66.16,1.091,0.65,0.48,19.46,3.21,0.58,8.36,900.0,31.3,15.67,0.07,ASTM_G65,SiC
75.01,1.475,0.39,1.31,13.45,1.87,1.46,5.03,900.0,34.9,16.13,0.321,ASTM_G65,sand
78.81,1.398,0.22,0.74,10.76,3.99,2.76,1.33,900.0,37.1,16.27,0.095,ASTM_G65,SiC
91.11,1.472,0.86,0.94,2.39,0.68,0.1,2.45,653.0,25.0,8.83,0.176,ASTM_G65,alumina
79.61,1.792,0.78,0.72,5.02,1.22,0.95,9.92,900.0,37.4,16.25,0.078,ASTM_G65,sand
77.99,1.278,0.11,0.52,12.57,1.16,2.45,3.93,900.0,33.4,16.0,0.092,ASTM_G65,sand
67.3,1.595,0.62,1.33,13.95,3.86,2.91,8.45,900.0,40.0,16.91,0.161,ASTM_G65,alumina
66.46,1.429,0.34,1.28,15.15,4.44,2.13,8.77,900.0,40.0,17.1,0.211,ASTM_G65,SiC
88.53,1.307,1.4,0.41,0.34,4.83,2.05,1.14,848.0,31.3,14.04,0.141,ASTM_G65,SiC
82.97,1.204,0.96,0.56,5.83,3.69,0.26,4.53,754.0,26.5,10.87,0.182,ASTM_G65,SiC
91.08,0.695,0.6,1.47,0.1,1.51,1.75,2.79,534.0,18.6,6.19,0.212,ASTM_G65,sand
79.78,1.386,0.17,1.25,4.26,3.17,1.94,8.04,869.0,35.1,15.42,0.101,ASTM_G65,sand
79.9,1.053,0.33,0.53,9.47,3.38,1.4,3.95,810.0,28.2,12.81,0.104,ASTM_G65,alumina
67.84,1.474,1.06,1.17,16.99,1.1,0.64,9.71,900.0,35.1,16.47,0.061,ASTM_G65,sand
80.71,1.58,0.16,0.76,3.18,1.96,2.39,9.27,900.0,38.4,16.62,0.072,ASTM_G65,alumina
84.83,1.917,0.56,0.8,5.45,1.63,2.89,1.92,900.0,40.0,17.17,0.071,ASTM_G65,sand
78.73,1.256,0.26,0.66,14.79,0.92,0.39,2.99,819.0,26.9,12.86,0.153,ASTM_G65,SiC
74.99,0.301,0.61,0.56,12.91,1.63,0.05,8.94,557.0,14.6,6.14,0.329,ASTM_G65,alumina
79.95,0.684,1.37,0.91,9.98,2.25,2.77,2.08,673.0,24.9,9.42,0.229,ASTM_G65,alumina
75.47,0.202,1.43,0.85,14.75,4.34,0.34,2.63,494.0,14.1,4.98,0.203,ASTM_G65,sand
80.1,0.329,0.12,1.02,12.29,2.62,0.2,3.32,575.0,13.5,6.0,0.194,ASTM_G65,SiC
66.88,1.546,1.42,0.43,16.91,2.37,1.92,8.53,900.0,40.0,17.11,0.108,ASTM_G65,SiC
86.56,1.926,0.12,0.76,2.08,1.92,0.17,6.45,900.0,35.2,16.14,0.075,ASTM_G65,sand
69.2,1.708,0.9,0.34,17.42,2.69,0.59,7.15,900.0,38.9,17.0,0.111,ASTM_G65,SiC
64.85,1.204,1.25,0.96,16.76,3.06,2.61,9.3,900.0,38.6,16.93,0.091,ASTM_G65,sand
88.74,1.476,0.91,0.47,2.7,1.47,2.77,1.47,898.0,33.5,16.14,0.067,ASTM_G65,alumina
74.0,1.101,0.11,1.38,12.21,3.02,1.17,7.02,876.0,30.2,14.96,0.106,ASTM_G65,SiC
75.04,1.054,0.6,0.52,15.33,4.53,2.44,0.48,900.0,32.5,15.42,0.085,ASTM_G65,sand
62.18,0.55,1.19,0.99,19.23,4.77,1.65,9.43,858.0,28.5,14.06,0.255,ASTM_G65,alumina
79.06,0.363,0.54,0.37,10.34,1.4,0.22,7.72,560.0,14.5,5.95,0.242,ASTM_G65,sand
86.88,1.979,0.11,1.3,1.69,3.87,2.77,1.41,900.0,40.0,17.3,0.079,ASTM_G65,sand
73.11,1.291,1.15,1.37,10.51,1.07,2.45,9.05,900.0,35.5,16.25,0.164,ASTM_G65,sand
85.68,1.448,0.32,1.11,5.51,3.59,0.71,1.64,864.0,29.9,14.57,0.079,ASTM_G65,SiC
79.56,0.681,1.07,0.93,10.39,3.91,1.85,1.6,710.0,23.6,9.55,0.198,ASTM_G65,alumina
71.25,0.823,0.75,1.24,10.75,2.79,2.83,9.58,900.0,31.6,15.7,0.079,ASTM_G65,SiC
78.23,1.214,0.37,0.36,14.44,2.2,0.67,2.52,810.0,28.0,12.56,0.158,ASTM_G65,sand
77.47,1.609,1.16,0.56,10.43,1.61,1.84,5.32,900.0,37.1,16.39,0.063,ASTM_G65,sand
73.6,1.106,0.84,1.03,12.06,3.37,0.69,7.31,785.0,29.3,12.54,0.132,ASTM_G65,SiC
81.62,1.883,1.1,1.42,5.59,3.62,1.79,2.97,900.0,40.0,16.99,0.254,ASTM_G65,SiC
74.13,1.829,1.18,0.95,17.16,0.26,1.63,2.85,900.0,39.2,17.37,0.082,ASTM_G65,alumina
73.16,0.694,0.18,1.49,18.79,0.91,1.82,2.96,768.0,23.9,10.91,0.169,ASTM_G65,alumina
84.01,1.54,1.18,0.33,1.2,4.91,1.48,5.36,900.0,35.5,16.34,0.07,ASTM_G65,alumina
79.95,0.336,0.82,0.83,5.36,2.2,2.09,8.41,642.0,19.3,8.25,0.235,ASTM_G65,SiC
65.83,0.943,1.29,0.51,16.28,4.64,0.5,10.0,899.0,30.2,14.95,0.076,ASTM_G65,sand
72.84,0.381,0.18,0.44,12.29,4.37,1.41,8.09,748.0,22.0,10.37,0.105,ASTM_G65,SiC
65.86,1.5,0.59,1.16,18.51,1.07,1.64,9.67,900.0,38.9,17.2,0.062,ASTM_G65,sand
76.67,0.82,0.89,0.78,7.58,4.56,2.0,6.7,805.0,28.5,12.47,0.152,ASTM_G65,alumina
81.95,1.504,0.25,0.94,6.2,4.83,0.91,3.41,885.0,33.7,15.67,0.083,ASTM_G65,SiC
67.86,1.167,0.37,1.31,15.67,2.84,1.48,9.3,900.0,34.1,15.88,0.258,ASTM_G65,alumina
85.93,0.842,0.49,1.25,0.51,4.73,2.61,3.64,733.0,27.2,11.0,0.108,ASTM_G65,sand
73.32,1.271,0.93,0.97,16.48,2.55,1.42,3.06,900.0,32.3,15.43,0.106,ASTM_G65,sand
76.14,1.554,0.7,1.47,7.48,3.42,0.88,8.36,900.0,35.8,16.61,0.102,ASTM_G65,SiC
74.27,0.456,0.76,0.93,16.33,3.89,1.81,1.56,667.0,21.8,8.71,0.123,ASTM_G65,sand
81.13,0.384,0.31,1.13,12.17,0.84,2.71,1.33,702.0,19.1,9.34,0.209,ASTM_G65,SiC
85.57,1.396,0.49,1.09,6.18,3.3,1.96,0.01,838.0,32.0,14.11,0.317,ASTM_G65,SiC
72.29,0.674,0.12,0.42,16.47,2.03,2.52,5.48,834.0,27.4,13.01,0.118,ASTM_G65,alumina
76.78,0.691,1.27,1.43,11.05,4.64,0.98,3.17,694.0,22.8,9.76,0.119,ASTM_G65,sand
85.54,1.591,0.44,0.31,5.33,1.74,2.88,2.18,900.0,36.9,16.82,0.069,ASTM_G65,sand
91.74,1.866,1.35,0.37,0.72,3.23,0.71,0.02,856.0,33.6,15.01,0.094,ASTM_G65,SiC
67.31,1.056,0.12,1.01,16.37,2.68,1.7,9.75,900.0,33.4,15.82,0.098,ASTM_G65,SiC
68.25,0.888,1.02,1.22,16.51,3.62,1.5,6.98,883.0,29.9,14.95,0.071,ASTM_G65,SiC
94.27,0.707,1.38,0.74,0.19,0.38,0.27,2.07,462.0,12.9,4.73,0.239,ASTM_G65,alumina
70.08,0.671,0.95,0.37,13.18,2.57,2.45,9.73,864.0,28.8,14.28,0.098,ASTM_G65,SiC
90.35,0.293,0.16,0.75,4.62,1.75,1.21,0.86,394.0,11.6,3.63,0.347,ASTM_G65,sand
72.33,0.887,1.14,0.65,16.23,3.42,0.75,4.61,822.0,26.1,12.86,0.079,ASTM_G65,SiC
79.0,0.467,1.29,0.78,12.8,0.21,0.67,4.78,589.0,15.5,6.68,0.181,ASTM_G65,alumina
66.18,0.578,1.36,1.49,19.48,4.46,0.19,6.27,710.0,22.7,9.63,0.123,ASTM_G65,sand
86.87,1.688,0.1,0.92,5.49,3.21,1.51,0.21,876.0,34.8,15.74,0.079,ASTM_G65,alumina
67.03,1.9,0.33,1.49,18.13,2.86,1.03,7.24,900.0,40.0,17.11,0.079,ASTM_G65,alumina
77.56,1.55,0.73,0.6,12.17,0.58,2.28,4.52,900.0,36.6,16.59,0.084,ASTM_G65,alumina
72.17,0.996,0.49,0.77,16.61,2.85,1.26,4.86,831.0,29.0,13.25,0.087,ASTM_G65,sand
83.66,1.27,0.9,1.18,5.02,1.71,0.38,5.88,834.0,26.4,13.15,0.319,ASTM_G65,sand
77.7,0.754,1.29,0.62,9.69,1.01,2.25,6.7,748.0,25.3,11.05,0.3,ASTM_G65,sand
73.12,0.99,0.8,1.28,15.25,1.64,1.15,5.77,860.0,27.4,13.83,0.104,ASTM_G65,sand
83.01,1.857,0.7,0.91,3.81,2.2,2.3,5.22,900.0,40.0,17.34,0.066,ASTM_G65,SiC
77.38,0.681,1.26,0.5,5.98,4.6,2.27,7.33,834.0,27.1,13.05,0.118,ASTM_G65,alumina
90.82,1.565,0.91,0.77,2.62,0.82,2.16,0.34,875.0,31.7,14.88,0.09,ASTM_G65,alumina
74.07,1.584,1.33,0.57,14.09,2.79,1.38,4.19,900.0,37.0,16.65,0.135,ASTM_G65,sand
80.75,1.186,0.32,0.85,9.65,3.66,0.63,2.95,850.0,27.7,13.62,0.113,ASTM_G65,alumina
88.2,0.663,0.99,0.98,2.82,1.93,0.2,4.22,520.0,15.4,5.58,0.228,ASTM_G65,sand
90.32,0.771,1.5,0.65,1.98,3.94,0.36,0.48,580.0,17.4,6.62,0.193,ASTM_G65,alumina
67.86,1.789,1.09,1.41,15.01,3.69,2.58,6.56,900.0,40.0,17.07,0.06,ASTM_G65,sand
78.38,1.976,0.53,1.43,13.41,2.87,0.36,1.04,900.0,38.1,16.56,0.108,ASTM_G65,alumina
72.44,1.447,0.18,1.34,17.54,4.48,1.27,1.3,900.0,35.9,16.41,0.077,ASTM_G65,alumina
74.95,1.691,0.24,0.88,12.98,2.97,2.04,4.26,900.0,40.0,17.28,0.063,ASTM_G65,sand
79.25,1.374,1.02,1.28,8.43,1.93,2.85,3.87,900.0,35.5,16.23,0.165,ASTM_G65,SiC
72.17,0.701,0.31,0.39,17.64,1.66,2.92,4.21,834.0,28.3,13.41,0.083,ASTM_G65,SiC
84.83,0.728,1.27,1.3,2.76,3.57,0.88,4.67,690.0,20.3,8.73,0.136,ASTM_G65,alumina
71.75,0.891,1.41,1.03,17.84,4.75,0.31,2.02,794.0,25.4,11.6,0.1,ASTM_G65,alumina
83.68,1.61,0.54,0.62,4.14,3.89,2.1,3.42,900.0,37.3,16.65,0.084,ASTM_G65,SiC
75.64,0.924,0.44,1.34,10.41,2.38,2.33,6.53,818.0,29.6,13.3,0.137,ASTM_G65,alumina
76.32,0.864,0.76,0.7,9.25,4.73,0.86,6.52,839.0,26.3,13.1,0.108,ASTM_G65,alumina
69.99,1.77,1.05,0.93,16.62,4.88,1.23,3.53,900.0,40.0,17.5,0.062,ASTM_G65,sand
82.07,1.681,0.19,0.9,3.89,3.26,2.4,5.62,900.0,39.6,17.4,0.1,ASTM_G65,SiC
89.95,1.314,1.07,0.88,1.67,3.51,0.84,0.76,719.0,26.6,10.27,0.126,ASTM_G65,SiC
75.45,0.489,0.61,1.05,10.2,2.95,2.28,6.96,765.0,23.7,11.21,0.165,ASTM_G65,alumina
82.39,0.33,0.3,1.45,12.2,0.03,2.43,0.87,582.0,16.4,6.88,0.149,ASTM_G65,sand
78.41,0.534,0.5,1.38,7.53,2.31,1.27,8.07,699.0,20.4,9.12,0.143,ASTM_G65,alumina
88.64,0.244,0.85,0.52,3.92,3.0,0.68,2.14,392.0,10.9,3.39,0.301,ASTM_G65,SiC
91.22,1.316,0.43,0.43,1.48,0.54,1.04,3.55,731.0,25.6,11.03,0.099,ASTM_G65,alumina
89.93,1.115,1.15,0.61,0.03,4.83,1.54,0.8,716.0,26.6,10.18,0.158,ASTM_G65,SiC
65.37,0.255,1.14,1.41,19.93,1.0,1.15,9.74,706.0,19.1,8.87,0.193,ASTM_G65,alumina
83.61,1.643,1.5,0.88,4.22,4.24,1.18,2.73,900.0,35.1,16.23,0.075,ASTM_G65,sand
74.44,1.0,1.27,1.11,15.61,3.47,1.78,1.32,845.0,29.1,13.98,0.132,ASTM_G65,SiC
77.89,0.405,0.5,0.59,15.11,1.25,2.98,1.28,656.0,21.4,7.97,0.154,ASTM_G65,sand
82.01,0.789,0.84,1.3,6.93,3.83,0.92,3.39,703.0,22.2,9.74,0.114,ASTM_G65,SiC
73.31,1.496,0.49,0.72,11.81,2.71,0.66,8.79,900.0,35.1,16.44,0.149,ASTM_G65,alumina
91.37,0.892,0.43,1.46,0.79,2.37,1.1,1.59,618.0,20.1,7.68,0.144,ASTM_G65,SiC
80.94,1.241,0.65,1.41,9.23,4.91,0.89,0.73,855.0,29.3,14.09,0.096,ASTM_G65,alumina
86.96,1.721,1.03,1.47,6.67,0.44,0.72,0.99,859.0,30.9,14.4,0.106,ASTM_G65,SiC
86.42,0.406,1.03,1.01,8.03,0.18,1.43,1.49,532.0,13.7,5.18,0.333,ASTM_G65,alumina
77.94,0.551,1.42,0.33,12.86,1.31,2.27,3.31,728.0,21.9,9.9,0.215,ASTM_G65,sand
72.05,0.733,0.11,1.33,18.94,1.4,1.15,4.29,708.0,23.7,9.52,0.137,ASTM_G65,alumina
84.67,0.378,1.2,1.43,9.81,0.31,0.97,1.23,486.0,12.4,4.56,0.223,ASTM_G65,alumina
75.11,1.149,0.96,1.31,12.32,1.91,2.08,5.16,826.0,31.7,13.77,0.073,ASTM_G65,SiC
86.09,1.698,1.08,0.54,3.65,3.52,2.0,1.42,900.0,36.8,16.7,0.133,ASTM_G65,sand
73.13,1.515,1.47,0.52,11.08,4.02,0.37,7.9,900.0,35.1,16.06,0.208,ASTM_G65,alumina
85.74,0.379,0.15,0.66,6.52,4.33,0.37,1.85,494.0,14.0,5.43,0.434,ASTM_G65,alumina
82.19,0.687,1.11,0.57,13.63,0.18,0.6,1.03,639.0,16.9,7.21,0.154,ASTM_G65,SiC
79.15,1.86,0.22,0.81,3.7,3.41,2.11,8.73,900.0,40.0,17.09,0.098,ASTM_G65,alumina
72.53,0.354,0.75,0.48,15.81,0.76,0.02,9.3,630.0,15.5,7.33,0.167,ASTM_G65,SiC
78.8,1.54,0.49,0.46,13.22,2.55,2.48,0.45,900.0,37.3,16.7,0.108,ASTM_G65,sand
74.28,0.69,0.66,0.31,9.83,4.33,1.09,8.81,818.0,25.3,12.2,0.099,ASTM_G65,SiC
93.63,0.236,0.38,1.22,2.12,0.21,1.85,0.34,453.0,10.1,4.18,0.249,ASTM_G65,SiC
85.69,1.931,0.99,1.02,0.59,0.91,1.84,7.03,900.0,39.1,16.8,0.091,ASTM_G65,sand
78.21,0.73,0.7,0.67,10.37,0.65,1.33,7.33,669.0,22.4,8.81,0.194,ASTM_G65,SiC
69.32,0.708,0.37,0.62,13.15,4.76,2.98,8.09,900.0,32.3,15.77,0.187,ASTM_G65,sand
82.45,0.879,0.73,0.9,12.55,0.02,0.77,1.7,679.0,20.1,8.87,0.177,ASTM_G65,sand
80.33,1.043,1.39,1.25,8.65,1.75,0.95,4.64,741.0,25.2,10.31,0.14,ASTM_G65,alumina
70.4,0.487,1.31,0.79,12.41,3.76,1.31,9.54,760.0,23.5,10.97,0.358,ASTM_G65,alumina
69.92,0.733,1.27,0.88,14.34,1.56,2.03,9.27,841.0,27.6,13.21,0.11,ASTM_G65,sand
76.6,0.55,0.14,0.39,5.68,4.27,2.42,9.95,754.0,26.5,11.45,0.213,ASTM_G65,SiC
87.65,1.992,1.29,0.64,2.03,0.53,1.08,4.77,900.0,36.7,16.62,0.288,ASTM_G65,alumina
88.36,1.493,0.36,0.82,0.27,0.54,0.24,7.91,757.0,27.7,11.45,0.163,ASTM_G65,alumina
81.19,1.389,0.4,1.13,7.76,2.2,2.45,3.48,900.0,34.5,16.04,0.12,ASTM_G65,alumina
86.77,1.954,0.18,1.1,2.13,1.74,0.14,5.98,882.0,35.1,15.77,0.125,ASTM_G65,sand
69.99,1.39,1.22,1.49,15.38,4.87,0.07,5.59,900.0,33.3,15.78,0.13,ASTM_G65,SiC
66.38,1.33,1.38,0.85,19.96,4.29,1.89,3.92,900.0,37.9,16.92,0.08,ASTM_G65,sand
64.74,0.229,0.32,1.17,19.4,3.72,2.56,7.87,814.0,24.6,12.07,0.152,ASTM_G65,alumina
89.02,0.204,1.05,0.83,5.19,1.36,0.13,2.23,375.0,7.5,2.75,0.398,ASTM_G65,sand
80.94,1.218,0.92,0.42,7.01,3.98,1.75,3.75,830.0,31.5,13.74,0.074,ASTM_G65,alumina
83.49,1.58,0.45,0.53,8.78,0.08,0.88,4.2,900.0,31.1,15.95,0.086,ASTM_G65,alumina
77.7,1.321,1.21,1.45,11.0,2.83,1.39,3.09,866.0,31.7,14.55,0.089,ASTM_G65,alumina
74.17,0.876,1.07,1.04,9.44,4.17,0.12,9.12,804.0,25.1,12.19,0.083,ASTM_G65,sand
67.45,0.571,0.93,0.41,18.63,3.74,2.42,5.84,803.0,28.1,12.69,0.199,ASTM_G65,SiC
75.24,0.258,0.29,0.85,17.78,0.51,2.21,2.87,628.0,17.8,7.69,0.141,ASTM_G65,alumina
72.18,1.795,0.39,0.38,12.41,0.78,2.59,9.47,900.0,40.0,17.09,0.108,ASTM_G65,alumina
81.73,1.468,1.44,0.47,7.73,1.09,0.97,5.11,855.0,30.9,14.52,0.11,ASTM_G65,SiC
73.66,0.986,1.47,0.67,13.86,3.79,1.89,3.67,879.0,30.3,14.49,0.123,ASTM_G65,sand
80.51,1.165,0.29,0.85,6.84,1.11,1.53,7.71,824.0,29.1,13.17,0.083,ASTM_G65,sand
72.9,0.317,0.83,1.35,19.05,0.36,2.37,2.81,698.0,19.4,9.09,0.149,ASTM_G65,alumina
73.43,0.89,0.68,1.07,14.88,3.24,2.12,3.69,895.0,29.3,14.95,0.075,ASTM_G65,alumina
72.52,0.939,1.12,1.08,13.35,2.1,0.17,8.73,794.0,25.0,11.72,0.103,ASTM_G65,sand
75.5,1.797,0.54,1.35,13.47,3.58,0.2,3.57,900.0,37.0,16.4,0.152,ASTM_G65,alumina
81.92,0.963,0.59,0.42,2.96,4.96,2.2,5.99,799.0,29.9,12.4,0.13,ASTM_G65,SiC
82.75,0.805,0.77,1.22,8.34,4.11,1.42,0.6,725.0,23.2,10.21,0.117,ASTM_G65,alumina
80.79,0.887,0.86,1.13,4.27,1.71,0.75,9.6,741.0,23.4,10.05,0.119,ASTM_G65,SiC
75.81,0.564,0.51,1.44,10.4,4.35,0.81,6.12,679.0,21.4,9.23,0.157,ASTM_G65,SiC
82.3,0.453,0.6,1.29,4.62,2.78,1.31,6.65,629.0,18.2,7.96,0.272,ASTM_G65,SiC
77.99,1.054,1.41,1.31,7.68,1.12,2.19,7.25,825.0,29.4,13.28,0.087,ASTM_G65,sand
77.16,1.804,1.09,0.69,7.49,1.91,0.39,9.47,900.0,37.1,16.69,0.206,ASTM_G65,SiC
84.94,1.854,0.5,0.7,9.4,1.12,1.4,0.09,900.0,36.0,16.42,0.147,ASTM_G65,sand
88.48,1.29,0.71,0.84,1.74,0.32,2.53,4.09,803.0,29.8,12.77,0.136,ASTM_G65,alumina
77.68,0.422,0.36,1.09,16.16,0.81,1.65,1.81,612.0,17.9,6.97,0.2,ASTM_G65,alumina
82.92,1.353,0.92,0.79,6.59,0.9,0.18,6.34,809.0,26.9,12.58,0.144,ASTM_G65,sand
84.49,1.969,1.45,1.01,4.48,0.53,2.98,3.08,900.0,40.0,17.1,0.127,ASTM_G65,SiC
78.68,0.721,0.76,1.44,7.8,3.55,0.81,6.23,695.0,22.3,9.43,0.117,ASTM_G65,sand
83.37,0.804,0.45,0.91,1.66,3.09,1.14,8.58,702.0,23.4,9.4,0.16,ASTM_G65,alumina
92.07,0.54,0.45,1.06,2.24,0.88,0.95,1.8,494.0,13.4,4.52,0.242,ASTM_G65,alumina
69.79,1.035,0.23,0.35,18.69,4.13,1.18,4.59,900.0,31.1,15.56,0.123,ASTM_G65,sand
67.24,0.6,0.89,0.86,15.58,4.68,0.33,9.81,778.0,24.2,11.23,0.164,ASTM_G65,SiC
81.36,0.629,1.05,1.05,6.42,1.15,2.65,5.7,707.0,23.3,9.78,0.114,ASTM_G65,sand
76.12,1.338,0.58,0.41,8.2,4.05,1.71,7.58,900.0,35.5,16.53,0.075,ASTM_G65,alumina
81.26,0.506,0.89,1.45,10.51,4.03,0.77,0.58,612.0,17.4,6.85,0.197,ASTM_G65,SiC
71.43,1.768,0.69,0.91,15.21,2.73,1.72,5.53,900.0,40.0,17.17,0.091,ASTM_G65,alumina
71.24,0.827,0.17,0.48,19.97,4.58,2.71,0.02,900.0,31.1,15.43,0.078,ASTM_G65,sand
83.71,0.339,1.44,0.92,0.19,2.38,2.37,8.65,568.0,19.0,6.57,0.27,ASTM_G65,SiC
78.76,1.712,1.45,1.06,7.3,1.11,2.23,6.38,900.0,38.9,16.84,0.074,ASTM_G65,SiC
75.05,1.176,1.1,0.38,12.39,2.55,0.29,7.06,820.0,28.3,12.89,0.094,ASTM_G65,SiC
86.04,1.33,0.6,0.93,2.82,3.05,0.61,4.61,764.0,28.0,12.02,0.096,ASTM_G65,sand
87.85,0.923,0.68,1.48,4.01,1.63,0.59,2.83,584.0,19.8,7.18,0.244,ASTM_G65,SiC
73.53,0.37,0.64,1.44,9.21,2.73,2.23,9.85,732.0,22.6,9.66,0.276,ASTM_G65,sand
70.77,0.391,1.31,1.14,12.15,3.88,2.74,7.62,731.0,25.4,10.48,0.158,ASTM_G65,sand
83.28,0.947,0.96,1.11,2.34,2.22,1.28,7.86,754.0,24.9,11.17,0.205,ASTM_G65,sand
72.08,1.774,0.5,0.72,15.96,1.86,2.55,4.55,900.0,40.0,17.57,0.063,ASTM_G65,SiC
90.72,1.429,1.41,0.55,1.83,2.53,1.17,0.36,748.0,28.2,11.46,0.094,ASTM_G65,SiC
72.18,0.561,0.95,0.43,13.3,3.1,0.72,8.75,749.0,22.1,10.61,0.125,ASTM_G65,sand
80.6,1.277,0.28,0.84,6.93,4.34,1.47,4.26,873.0,32.1,15.06,0.199,ASTM_G65,SiC
82.54,1.776,1.43,1.29,0.53,3.04,1.65,7.75,900.0,38.7,17.22,0.075,ASTM_G65,alumina
89.48,0.341,1.4,1.04,3.13,2.8,0.36,1.46,370.0,10.6,3.16,0.317,ASTM_G65,alumina
80.54,1.123,0.57,0.88,2.01,4.61,0.78,9.48,865.0,29.1,14.23,0.113,ASTM_G65,sand
91.07,0.792,1.37,1.23,0.05,2.85,2.1,0.53,598.0,21.3,7.26,0.185,ASTM_G65,SiC
71.03,1.075,1.48,1.42,12.75,2.29,2.04,7.91,900.0,32.3,15.22,0.068,ASTM_G65,SiC
74.68,0.349,1.23,0.61,11.81,0.58,1.67,9.06,663.0,18.9,8.26,0.15,ASTM_G65,SiC
78.83,0.657,0.85,1.5,6.46,4.93,0.56,6.2,695.0,21.5,9.54,0.123,ASTM_G65,sand
78.3,0.563,0.7,0.64,9.91,1.94,0.54,7.42,650.0,18.7,7.8,0.21,ASTM_G65,sand
83.35,1.796,0.7,1.46,0.5,3.96,2.12,6.11,900.0,40.0,16.87,0.104,ASTM_G65,sand
73.08,1.308,0.37,0.53,8.95,4.82,2.68,8.26,900.0,39.3,17.29,0.081,ASTM_G65,sand
72.18,1.645,0.54,1.48,17.63,3.99,2.15,0.39,900.0,40.0,17.31,0.115,ASTM_G65,sand
81.03,0.45,0.91,1.11,10.38,3.07,1.82,1.24,626.0,19.0,7.77,0.19,ASTM_G65,alumina
71.89,1.798,0.39,0.82,14.08,1.34,0.69,8.98,900.0,39.1,16.72,0.078,ASTM_G65,SiC
70.92,0.245,0.17,1.0,17.85,2.82,1.23,5.77,691.0,18.4,8.94,0.133,ASTM_G65,SiC
77.97,0.243,1.01,1.23,10.22,1.88,1.0,6.45,589.0,14.8,6.21,0.292,ASTM_G65,sand
76.84,0.927,0.2,0.92,18.08,1.2,0.79,1.05,751.0,23.4,10.64,0.177,ASTM_G65,sand
72.14,1.275,1.15,0.46,14.47,0.28,1.84,8.39,900.0,33.5,15.92,0.092,ASTM_G65,sand
78.24,0.83,0.72,1.03,8.04,4.33,2.95,3.85,804.0,30.0,12.73,0.135,ASTM_G65,sand
85.52,1.675,1.48,1.07,0.63,0.77,2.46,6.39,900.0,36.7,16.46,0.165,ASTM_G65,alumina
65.07,0.685,0.89,1.25,17.9,2.96,1.59,9.66,847.0,28.2,13.62,0.076,ASTM_G65,SiC
93.44,1.485,0.98,1.39,0.73,0.81,0.57,0.6,668.0,25.3,9.31,0.14,ASTM_G65,SiC
77.64,1.371,1.47,0.55,7.16,1.87,1.59,8.35,899.0,33.5,16.05,0.125,ASTM_G65,SiC
79.66,0.79,0.2,1.44,10.94,0.78,1.67,4.52,702.0,23.2,9.2,0.164,ASTM_G65,SiC
65.86,0.696,1.28,0.87,18.66,2.8,0.87,8.96,821.0,25.9,12.72,0.163,ASTM_G65,sand
80.78,0.211,0.28,1.17,15.19,0.2,1.0,1.18,483.0,11.5,4.82,0.237,ASTM_G65,alumina
76.22,1.216,1.18,0.94,10.52,2.41,1.28,6.23,845.0,30.8,13.74,0.12,ASTM_G65,alumina
80.63,0.726,0.88,1.45,8.25,3.02,0.42,4.63,697.0,20.0,9.16,0.109,ASTM_G65,SiC
73.42,0.794,1.36,1.24,15.39,0.11,0.55,7.14,789.0,21.9,11.57,0.087,ASTM_G65,SiC
75.43,0.506,0.47,0.37,16.78,0.67,1.14,4.63,672.0,19.0,8.45,0.185,ASTM_G65,sand
72.17,0.361,0.93,0.84,15.18,1.37,0.2,8.95,611.0,16.4,7.09,0.148,ASTM_G65,sand
81.69,0.609,0.59,1.25,6.35,3.73,0.0,5.79,637.0,17.7,7.51,0.369,ASTM_G65,SiC
86.03,1.205,1.44,0.4,4.02,3.22,2.04,1.64,763.0,29.4,11.63,0.088,ASTM_G65,alumina
77.92,0.388,1.09,1.25,13.5,0.56,0.22,5.07,521.0,13.6,5.03,0.215,ASTM_G65,SiC
70.95,0.572,0.64,1.49,13.45,2.21,1.45,9.22,743.0,23.8,10.37,0.12,ASTM_G65,SiC
79.21,1.598,0.93,0.68,4.04,1.65,2.79,9.1,900.0,39.8,16.98,0.167,ASTM_G65,SiC
72.54,0.27,0.58,1.03,18.89,2.12,0.72,3.84,574.0,15.9,6.48,0.172,ASTM_G65,SiC
82.35,0.999,0.75,1.04,8.05,3.28,2.3,1.23,786.0,28.2,12.08,0.179,ASTM_G65,alumina
76.55,1.277,0.42,0.67,16.76,3.41,0.86,0.05,813.0,30.2,13.2,0.077,ASTM_G65,SiC
79.52,0.39,0.4,1.38,9.31,2.4,1.59,5.0,605.0,18.3,7.07,0.145,ASTM_G65,sand
81.01,1.303,1.09,1.28,4.33,1.02,0.65,9.31,839.0,28.5,13.36,0.291,ASTM_G65,alumina
73.64,0.837,1.19,1.43,11.76,1.96,0.88,8.29,773.0,24.9,11.19,0.144,ASTM_G65,alumina
69.42,0.442,1.01,1.02,12.39,4.89,0.97,9.86,738.0,23.1,10.53,0.117,ASTM_G65,sand
65.33,1.634,0.94,1.25,17.1,4.56,2.99,6.19,900.0,40.0,17.26,0.064,ASTM_G65,SiC
82.59,0.995,0.6,1.24,4.28,4.7,0.95,4.63,769.0,26.1,11.59,0.145,ASTM_G65,SiC
78.55,0.636,1.1,1.33,3.36,4.95,1.86,8.21,731.0,25.2,10.56,0.116,ASTM_G65,alumina
82.55,0.718,1.14,0.71,12.8,1.46,0.51,0.09,611.0,17.7,7.31,0.15,ASTM_G65,sand
73.69,1.705,1.07,0.74,18.98,1.71,0.64,1.47,900.0,35.6,16.51,0.084,ASTM_G65,SiC
69.64,1.666,0.66,0.96,13.58,3.44,1.6,8.44,900.0,40.0,17.23,0.074,ASTM_G65,SiC
83.65,1.609,0.89,1.46,3.41,1.95,1.5,5.53,900.0,34.4,16.29,0.064,ASTM_G65,SiC
71.26,0.672,0.68,0.84,13.87,3.41,1.14,8.13,778.0,25.1,11.43,0.115,ASTM_G65,SiC
80.43,1.12,1.39,1.0,10.08,3.47,2.35,0.15,872.0,30.4,14.67,0.094,ASTM_G65,SiC
78.53,1.45,0.38,0.96,12.93,2.76,2.83,0.16,900.0,37.0,16.69,0.063,ASTM_G65,alumina
85.44,1.621,1.41,0.36,6.35,3.7,0.95,0.17,860.0,32.8,14.86,0.087,ASTM_G65,alumina
77.95,1.29,1.38,1.29,11.52,0.84,0.97,4.76,818.0,28.9,13.04,0.099,ASTM_G65,SiC
82.57,0.314,1.23,0.65,5.4,3.58,1.11,5.14,557.0,15.8,5.58,0.192,ASTM_G65,sand
79.71,1.298,0.43,0.41,10.71,2.34,2.8,2.31,900.0,34.6,16.23,0.094,ASTM_G65,SiC
83.59,1.174,0.61,0.65,5.7,3.95,1.49,2.83,779.0,29.2,12.36,0.191,ASTM_G65,SiC
78.43,0.695,0.17,0.55,11.02,2.68,0.4,6.06,739.0,20.6,9.84,0.211,ASTM_G65,alumina
82.83,1.944,0.66,0.45,0.29,2.9,2.44,8.48,900.0,40.0,17.29,0.07,ASTM_G65,alumina
78.27,1.612,1.0,1.45,4.08,3.1,1.55,8.95,900.0,37.6,17.05,0.163,ASTM_G65,SiC
73.44,1.45,1.16,1.08,10.73,3.26,0.07,8.81,900.0,32.8,16.4,0.104,ASTM_G65,SiC
69.8,0.562,0.35,0.7,18.43,1.19,0.15,8.82,778.0,20.0,10.53,0.203,ASTM_G65,sand
75.08,0.591,0.39,1.2,14.19,4.32,2.65,1.58,779.0,26.2,11.93,0.136,ASTM_G65,alumina
77.68,1.692,1.49,0.5,14.8,1.9,0.56,1.38,900.0,34.1,15.98,0.102,ASTM_G65,alumina
92.09,0.205,1.06,1.12,1.24,2.14,0.24,1.91,348.0,7.3,2.63,0.386,ASTM_G65,SiC
70.42,0.611,1.0,1.46,14.67,0.63,1.24,9.96,749.0,22.9,10.5,0.102,ASTM_G65,SiC
71.34,1.602,0.59,0.91,14.86,0.51,0.51,9.69,900.0,35.4,16.45,0.103,ASTM_G65,SiC
62.04,1.758,0.73,1.27,19.44,4.9,0.41,9.45,900.0,40.0,16.91,0.062,ASTM_G65,alumina
82.91,1.27,0.81,1.14,7.37,0.71,0.1,5.7,711.0,25.1,10.07,0.112,ASTM_G65,SiC
71.27,1.562,0.39,0.89,17.03,1.65,2.7,4.51,900.0,40.0,17.37,0.073,ASTM_G65,sand
68.93,0.527,1.16,0.59,15.13,1.52,2.94,9.2,821.0,27.4,12.9,0.082,ASTM_G65,SiC
76.27,0.625,1.4,0.69,14.47,2.69,2.04,1.83,734.0,23.4,10.38,0.102,ASTM_G65,alumina
88.68,0.795,0.76,0.87,0.86,2.68,0.2,5.16,605.0,18.0,7.06,0.145,ASTM_G65,alumina
64.23,0.76,0.58,1.46,19.0,4.87,2.82,6.28,900.0,33.6,16.15,0.142,ASTM_G65,SiC
72.57,1.929,1.27,0.85,16.8,3.41,1.07,2.09,900.0,40.0,16.74,0.071,ASTM_G65,SiC
85.95,0.27,0.84,0.69,5.89,0.4,2.04,3.93,511.0,14.3,5.28,0.219,ASTM_G65,SiC
72.11,1.056,0.27,1.46,14.41,4.19,1.72,4.78,864.0,31.9,14.77,0.124,ASTM_G65,SiC
72.42,0.328,1.28,1.0,14.54,1.72,0.67,8.05,605.0,17.0,6.78,0.159,ASTM_G65,SiC
89.49,0.847,0.69,0.47,1.92,0.96,1.6,4.01,671.0,21.1,8.94,0.162,ASTM_G65,alumina
76.14,0.54,0.77,1.01,10.88,1.26,0.82,8.58,648.0,19.4,7.83,0.186,ASTM_G65,SiC
81.32,0.994,1.0,0.74,4.77,3.96,2.44,4.77,851.0,30.0,13.83,0.187,ASTM_G65,SiC
69.55,1.817,0.61,0.61,13.87,4.3,1.33,7.91,900.0,40.0,17.05,0.101,ASTM_G65,sand
86.09,0.58,0.13,0.93,4.65,2.94,1.25,3.41,628.0,18.5,7.23,0.228,ASTM_G65,alumina
85.5,0.6,1.01,0.45,0.82,1.45,2.04,8.14,665.0,20.9,8.61,0.124,ASTM_G65,alumina
71.53,0.528,0.55,1.3,19.06,4.38,2.61,0.04,805.0,25.9,12.21,0.084,ASTM_G65,sand
64.08,1.962,0.61,0.5,18.6,3.91,1.75,8.58,900.0,40.0,17.28,0.094,ASTM_G65,sand
82.56,1.147,1.0,1.41,5.91,2.7,1.69,3.6,834.0,28.5,13.25,0.208,ASTM_G65,alumina
72.83,0.844,0.76,0.8,14.13,3.46,0.08,7.1,762.0,24.1,10.74,0.106,ASTM_G65,SiC
80.18,0.753,0.52,1.18,13.42,0.31,0.45,3.19,649.0,18.6,8.05,0.143,ASTM_G65,SiC
74.2,0.871,0.91,1.05,10.37,1.95,2.64,8.02,859.0,30.0,14.19,0.147,ASTM_G65,alumina
90.03,0.434,0.22,0.5,1.31,1.27,0.21,6.04,421.0,11.8,3.71,0.27,ASTM_G65,SiC
88.94,0.737,1.2,0.79,0.6,3.84,2.7,1.2,635.0,23.8,8.37,0.208,ASTM_G65,sand
86.71,0.361,0.8,0.35,1.11,1.59,2.03,7.05,507.0,17.0,4.88,0.236,ASTM_G65,alumina
72.27,0.431,0.49,0.49,18.03,0.37,2.64,5.28,745.0,22.8,10.52,0.118,ASTM_G65,alumina
84.83,1.528,0.29,0.64,8.97,2.07,1.51,0.16,841.0,32.3,14.42,0.13,ASTM_G65,SiC
73.35,0.705,0.27,0.81,18.79,2.56,1.34,2.16,726.0,23.9,10.65,0.168,ASTM_G65,SiC
77.15,1.973,0.24,0.98,5.3,4.31,1.52,8.54,900.0,40.0,17.31,0.074,ASTM_G65,sand
79.2,0.485,0.87,1.46,12.74,2.82,2.36,0.06,645.0,21.0,8.25,0.141,ASTM_G65,sand
73.8,1.301,0.6,1.49,15.66,1.46,2.91,2.78,900.0,35.8,16.59,0.268,ASTM_G65,sand
80.49,0.805,0.82,1.17,11.83,1.3,1.43,2.16,650.0,22.3,8.29,0.235,ASTM_G65,sand
84.0,0.852,1.39,0.34,4.15,4.12,0.74,4.41,685.0,22.6,9.17,0.176,ASTM_G65,sand
73.42,1.906,0.93,1.26,15.28,2.6,2.24,2.38,900.0,40.0,16.75,0.085,ASTM_G65,sand
89.49,1.386,1.03,1.18,4.37,0.76,1.35,0.43,763.0,27.1,11.63,0.194,ASTM_G65,SiC
78.57,1.858,1.16,0.44,2.09,4.5,1.4,9.99,900.0,40.0,17.39,0.089,ASTM_G65,alumina
77.35,1.177,0.45,1.15,9.32,2.35,2.86,5.35,900.0,34.0,16.11,0.106,ASTM_G65,SiC
76.44,0.757,0.35,1.13,18.52,0.21,2.29,0.28,794.0,24.1,11.64,0.112,ASTM_G65,SiC
80.2,0.952,0.83,1.17,7.63,0.85,0.27,8.09,667.0,22.3,8.78,0.196,ASTM_G65,alumina
74.78,1.372,0.27,0.66,17.65,0.61,2.1,2.56,900.0,34.1,15.88,0.086,ASTM_G65,alumina
63.36,1.327,0.36,0.36,19.8,3.69,2.79,8.32,900.0,40.0,17.14,0.136,ASTM_G65,sand
77.74,0.721,0.53,1.33,11.28,4.51,1.26,2.63,748.0,23.8,10.73,0.128,ASTM_G65,SiC
60.98,1.6,1.23,0.3,19.57,4.95,1.52,9.85,900.0,40.0,17.24,0.142,ASTM_G65,alumina
83.09,0.26,0.72,1.01,5.12,0.28,0.85,8.67,542.0,12.6,5.45,0.244,ASTM_G65,SiC
73.76,1.296,1.47,1.05,13.82,4.46,2.74,1.41,900.0,37.0,16.59,0.221,ASTM_G65,alumina
72.36,0.711,1.3,1.25,19.94,2.2,0.91,1.33,694.0,22.2,9.21,0.164,ASTM_G65,SiC
84.19,0.486,1.02,0.7,1.13,1.13,1.41,9.94,611.0,17.9,7.23,0.295,ASTM_G65,sand
78.68,1.226,0.39,1.18,3.45,3.7,1.62,9.77,856.0,32.9,14.64,0.16,ASTM_G65,sand
76.26,1.321,1.23,1.37,8.98,1.96,0.73,8.14,900.0,30.7,15.36,0.116,ASTM_G65,sand
82.2,0.229,1.38,0.37,8.91,1.38,2.78,2.75,592.0,17.2,6.78,0.186,ASTM_G65,sand
83.52,1.39,0.21,0.82,3.53,0.33,1.12,9.08,853.0,30.1,14.25,0.111,ASTM_G65,alumina
75.14,1.46,1.26,1.22,12.24,3.44,1.68,3.55,900.0,35.8,16.28,0.083,ASTM_G65,SiC
78.83,1.676,0.33,1.22,7.04,4.9,1.36,4.65,900.0,38.5,16.9,0.083,ASTM_G65,SiC
66.5,0.622,1.09,1.18,16.19,2.68,2.38,9.35,835.0,28.7,13.49,0.202,ASTM_G65,SiC
74.2,0.372,0.53,1.23,14.31,4.82,1.1,3.43,663.0,19.7,8.36,0.129,ASTM_G65,SiC
66.66,1.556,0.33,0.75,18.92,2.79,1.47,7.52,900.0,40.0,16.65,0.101,ASTM_G65,alumina
91.62,1.937,0.52,0.41,3.64,0.77,0.63,0.47,817.0,33.0,13.86,0.15,ASTM_G65,SiC
69.88,1.081,0.57,0.34,18.54,4.2,2.96,2.43,900.0,36.1,16.5,0.089,ASTM_G65,alumina
76.15,0.215,0.77,0.82,13.82,1.19,0.52,6.51,589.0,13.4,6.55,0.167,ASTM_G65,alumina
87.48,0.813,1.18,1.01,1.92,2.67,0.86,4.07,660.0,20.0,8.63,0.167,ASTM_G65,alumina
73.18,0.861,0.87,1.1,11.25,4.53,1.08,7.12,849.0,27.6,13.35,0.205,ASTM_G65,sand
80.05,0.372,0.71,1.45,8.78,3.76,1.71,3.18,609.0,18.7,7.43,0.208,ASTM_G65,sand
77.22,0.467,0.15,0.83,4.65,4.68,2.44,9.56,756.0,25.2,11.17,0.135,ASTM_G65,sand
88.11,0.678,1.1,0.78,6.51,0.52,0.21,2.1,535.0,14.3,5.83,0.192,ASTM_G65,SiC
74.25,0.282,0.3,1.25,11.22,2.96,1.05,8.69,605.0,18.0,6.92,0.309,ASTM_G65,sand
73.85,0.522,1.35,0.97,11.48,2.88,0.83,8.12,680.0,20.7,9.0,0.14,ASTM_G65,alumina
74.14,0.42,0.35,0.62,16.27,1.02,0.66,6.52,656.0,17.4,8.18,0.161,ASTM_G65,SiC
75.91,1.185,0.6,1.13,13.75,3.16,1.91,2.36,842.0,32.0,14.23,0.089,ASTM_G65,alumina
74.36,1.646,0.23,1.28,5.05,4.92,2.54,9.97,900.0,40.0,17.29,0.2,ASTM_G65,sand
79.55,1.584,1.16,0.94,10.42,0.44,2.79,3.13,900.0,37.2,16.39,0.062,ASTM_G65,sand
74.95,1.121,0.9,1.32,9.34,2.8,0.06,9.51,881.0,27.3,14.39,0.084,ASTM_G65,alumina
80.74,1.231,1.15,1.03,2.31,4.63,1.5,7.4,877.0,32.0,15.17,0.116,ASTM_G65,SiC
71.81,1.502,1.47,1.44,15.84,0.34,0.71,6.9,900.0,33.2,15.57,0.218,ASTM_G65,SiC
86.93,1.038,0.85,0.45,0.73,3.73,2.67,3.61,767.0,29.3,12.06,0.149,ASTM_G65,SiC
83.02,1.376,1.06,0.51,4.9,3.44,0.8,4.9,796.0,30.4,12.76,0.12,ASTM_G65,sand
87.6,1.387,0.24,0.57,0.18,2.56,2.36,5.11,888.0,33.0,15.43,0.098,ASTM_G65,alumina
67.95,1.12,0.67,0.8,19.55,4.49,2.18,3.24,900.0,35.3,16.31,0.086,ASTM_G65,alumina
71.14,0.982,0.5,0.92,12.2,4.4,1.33,8.53,900.0,31.0,15.14,0.142,ASTM_G65,SiC
76.0,0.899,0.56,0.7,13.27,2.7,1.4,4.47,801.0,26.6,12.22,0.213,ASTM_G65,SiC
82.0,1.632,1.06,1.41,0.49,4.9,1.04,7.48,900.0,36.4,16.17,0.166,ASTM_G65,sand
81.1,0.474,0.5,0.73,11.06,3.03,2.37,0.73,644.0,20.9,7.9,0.141,ASTM_G65,SiC
88.42,1.564,1.15,1.36,2.91,0.78,2.01,1.8,873.0,32.0,14.5,0.084,ASTM_G65,alumina
72.74,1.744,0.12,0.65,14.24,1.38,1.57,7.56,900.0,40.0,17.06,0.143,ASTM_G65,sand
68.42,1.141,0.4,0.67,16.74,2.93,0.04,9.65,895.0,30.0,15.55,0.127,ASTM_G65,sand
65.98,0.905,1.47,0.85,19.35,3.66,0.76,7.02,900.0,28.8,14.69,0.105,ASTM_G65,sand
82.89,0.749,0.45,0.87,1.33,4.31,2.62,6.77,731.0,27.2,10.68,0.154,ASTM_G65,alumina
75.13,0.454,0.63,0.98,8.53,3.84,1.61,8.82,760.0,22.4,11.06,0.144,ASTM_G65,sand
66.52,1.509,0.12,1.34,16.8,4.4,2.64,6.68,900.0,40.0,17.32,0.076,ASTM_G65,SiC
78.48,1.739,0.31,0.35,9.71,1.91,2.88,4.63,900.0,40.0,16.97,0.187,ASTM_G65,alumina
71.15,1.516,0.97,1.42,19.26,3.56,1.99,0.14,900.0,38.1,17.12,0.162,ASTM_G65,sand
72.1,1.506,0.54,0.7,14.94,2.79,0.56,6.87,900.0,35.0,16.06,0.095,ASTM_G65,alumina
84.02,1.475,0.38,0.55,6.94,0.15,2.01,4.48,891.0,32.6,15.69,0.125,ASTM_G65,SiC
77.62,0.846,0.47,1.46,15.33,0.25,1.68,2.34,717.0,23.8,9.96,0.114,ASTM_G65,alumina
78.0,0.428,0.82,0.33,6.16,3.38,2.34,8.54,653.0,22.9,8.32,0.135,ASTM_G65,sand
64.82,1.971,1.43,0.55,19.99,4.93,2.4,3.91,900.0,40.0,17.14,0.061,ASTM_G65,SiC
85.48,0.619,0.33,1.17,9.27,2.7,0.25,0.19,500.0,15.6,5.09,0.245,ASTM_G65,sand
79.77,1.171,1.09,1.0,0.99,4.89,2.29,8.8,888.0,34.0,15.85,0.198,ASTM_G65,SiC
80.33,0.342,0.32,1.49,5.87,4.1,0.22,7.32,575.0,15.3,6.39,0.222,ASTM_G65,SiC
82.35,1.011,0.59,0.98,8.57,1.4,1.98,3.11,750.0,26.6,11.3,0.125,ASTM_G65,alumina
84.56,0.864,0.39,1.17,9.19,1.16,1.97,0.69,688.0,23.1,9.49,0.136,ASTM_G65,alumina
69.53,0.982,0.22,0.46,16.57,2.32,0.3,9.62,846.0,27.7,13.32,0.255,ASTM_G65,alumina
75.13,0.249,0.19,1.21,15.43,3.33,1.56,2.89,632.0,17.8,7.79,0.301,ASTM_G65,alumina
75.81,0.824,0.28,0.58,13.09,2.08,2.7,4.64,854.0,28.8,14.19,0.132,ASTM_G65,SiC
71.11,1.101,0.64,0.98,17.97,4.95,1.5,1.75,900.0,32.3,16.0,0.132,ASTM_G65,alumina
78.0,0.245,1.0,0.6,11.42,3.69,2.16,2.88,633.0,18.7,7.68,0.225,ASTM_G65,sand
65.54,1.262,0.75,0.42,17.14,2.91,2.71,9.27,900.0,39.7,17.17,0.171,ASTM_G65,alumina
82.79,1.711,0.14,0.61,3.55,4.45,1.29,5.46,900.0,37.8,16.69,0.106,ASTM_G65,SiC
87.8,1.057,0.29,0.33,4.65,1.6,0.62,3.66,672.0,22.5,9.2,0.227,ASTM_G65,alumina
75.19,0.359,0.75,0.42,19.89,1.17,0.01,2.2,571.0,13.7,6.16,0.2,ASTM_G65,alumina
74.68,1.319,0.88,1.44,10.88,3.32,2.22,5.28,900.0,35.6,16.06,0.063,ASTM_G65,sand
75.93,1.484,1.13,0.96,16.42,0.21,0.59,3.28,900.0,30.8,15.48,0.102,ASTM_G65,sand
91.25,0.503,1.48,0.71,4.09,0.16,1.48,0.32,501.0,13.5,5.02,0.234,ASTM_G65,sand
80.71,1.924,0.14,0.75,14.15,0.67,1.5,0.16,900.0,38.3,16.98,0.064,ASTM_G65,sand
75.32,0.997,1.22,1.42,12.12,2.52,0.23,6.17,780.0,24.9,11.12,0.158,ASTM_G65,sand
84.42,0.374,0.66,0.54,3.02,1.1,2.76,7.13,610.0,19.5,7.58,0.132,ASTM_G65,alumina
74.67,0.319,0.2,1.26,9.41,4.63,1.43,8.07,646.0,20.6,8.59,0.157,ASTM_G65,sand
72.8,1.017,1.31,1.17,16.18,4.89,0.61,2.02,868.0,27.8,14.58,0.17,ASTM_G65,sand
74.4,0.529,0.84,0.58,16.69,3.4,1.31,2.25,655.0,21.4,8.74,0.159,ASTM_G65,SiC
86.79,1.645,0.39,1.17,1.27,4.28,2.89,1.56,900.0,38.8,16.98,0.221,ASTM_G65,SiC
74.79,1.408,1.4,0.46,12.03,3.8,2.83,3.28,900.0,38.7,17.23,0.097,ASTM_G65,alumina
83.32,1.729,1.25,0.77,5.62,4.25,2.86,0.19,900.0,40.0,17.18,0.272,ASTM_G65,alumina
81.51,1.727,0.78,1.35,4.94,2.67,1.11,5.91,900.0,36.3,16.85,0.097,ASTM_G65,SiC
68.48,0.561,1.12,1.49,17.0,3.96,0.06,7.34,715.0,21.3,9.83,0.508,ASTM_G65,sand
79.06,0.712,1.26,0.65,8.26,3.32,1.67,5.06,742.0,24.0,10.77,0.216,ASTM_G65,SiC
84.44,1.994,0.9,0.49,4.97,1.98,2.18,3.04,900.0,40.0,16.89,0.062,ASTM_G65,sand
81.27,0.224,0.1,1.04,6.51,0.12,1.38,9.36,518.0,14.3,5.2,0.224,ASTM_G65,sand
71.52,0.393,1.41,1.3,19.07,1.84,0.1,4.36,671.0,15.9,8.04,0.191,ASTM_G65,SiC
82.62,1.558,1.41,1.04,9.32,2.51,0.96,0.57,862.0,31.9,14.55,0.202,ASTM_G65,alumina
75.48,0.893,0.83,1.12,8.46,3.23,1.85,8.13,862.0,28.8,14.06,0.072,ASTM_G65,alumina
66.9,0.775,0.95,1.25,18.03,3.8,1.03,7.27,876.0,27.6,14.24,0.132,ASTM_G65,alumina
88.72,0.341,0.86,0.74,3.36,3.99,1.13,0.86,511.0,13.9,4.98,0.253,ASTM_G65,SiC
83.12,1.223,0.95,0.63,6.06,0.69,2.49,4.83,834.0,30.7,13.58,0.094,ASTM_G65,sand
87.85,1.349,0.83,1.07,4.4,1.53,2.14,0.84,826.0,29.9,13.12,0.349,ASTM_G65,alumina
72.58,1.698,0.8,1.27,11.18,2.29,0.67,9.51,900.0,37.9,16.96,0.067,ASTM_G65,alumina
82.31,1.717,1.45,0.97,0.99,2.46,1.94,8.18,900.0,38.4,16.64,0.062,ASTM_G65,SiC
70.87,1.888,1.37,0.61,13.03,2.51,0.75,8.97,900.0,40.0,16.92,0.08,ASTM_G65,sand
86.55,0.256,1.44,0.96,6.35,1.34,0.95,2.15,427.0,11.0,3.54,0.319,ASTM_G65,alumina
80.5,1.653,0.55,1.02,9.02,1.44,0.8,5.02,900.0,33.8,15.78,0.065,ASTM_G65,SiC
77.13,1.21,0.86,1.47,12.21,2.57,0.72,3.83,886.0,28.4,15.0,0.097,ASTM_G65,SiC
74.08,1.126,0.29,0.87,11.81,0.61,2.92,8.3,900.0,34.0,15.66,0.105,ASTM_G65,SiC
74.73,0.66,0.32,0.6,15.24,4.54,1.05,2.85,746.0,23.6,10.23,0.1,ASTM_G65,alumina
75.99,1.684,1.28,1.15,18.2,0.16,0.19,1.35,900.0,32.1,15.66,0.091,ASTM_G65,alumina
63.58,1.426,0.69,0.32,19.33,2.99,1.84,9.83,900.0,40.0,17.39,0.06,ASTM_G65,alumina
73.72,1.719,0.44,0.95,12.25,4.73,1.19,5.01,900.0,40.0,16.81,0.06,ASTM_G65,alumina
73.71,1.467,0.58,1.35,18.8,0.61,2.16,1.32,900.0,35.4,16.2,0.082,ASTM_G65,alumina
76.96,0.274,0.87,0.31,16.19,2.94,1.86,0.6,568.0,17.8,6.55,0.178,ASTM_G65,sand
82.59,0.643,0.73,1.21,4.66,2.55,1.07,6.54,700.0,20.1,9.35,0.309,ASTM_G65,alumina
82.88,1.638,1.48,1.17,8.84,2.31,0.09,1.6,838.0,30.6,13.9,0.106,ASTM_G65,sand
73.05,1.876,0.22,1.45,14.62,2.47,0.94,5.37,900.0,40.0,17.63,0.181,ASTM_G65,SiC
81.24,0.589,1.45,1.02,6.07,3.73,0.87,5.04,643.0,19.5,7.93,0.147,ASTM_G65,alumina
69.17,1.613,1.29,0.35,17.59,3.87,2.05,4.06,900.0,40.0,17.06,0.08,ASTM_G65,SiC
78.41,1.745,0.75,0.56,5.98,4.51,0.02,8.02,900.0,36.5,16.57,0.147,ASTM_G65,sand
82.33,1.021,0.99,0.49,9.19,1.7,1.31,2.96,755.0,25.2,10.85,0.147,ASTM_G65,sand
79.68,1.532,0.2,0.96,6.07,2.18,2.68,6.7,900.0,38.4,16.63,0.095,ASTM_G65,SiC
68.15,0.815,1.24,0.8,19.97,1.71,2.72,4.59,880.0,30.4,14.97,0.098,ASTM_G65,alumina
87.71,0.27,0.78,1.1,2.49,3.03,2.53,2.09,523.0,16.5,5.06,0.286,ASTM_G65,alumina
79.76,1.13,1.16,0.56,12.9,1.57,1.06,1.87,776.0,26.5,11.81,0.157,ASTM_G65,sand
66.52,0.455,1.41,1.27,15.79,4.62,1.06,8.87,809.0,23.8,11.9,0.153,ASTM_G65,alumina
81.13,1.782,0.21,1.41,2.11,3.59,1.94,7.83,900.0,40.0,17.35,0.074,ASTM_G65,alumina
71.14,0.878,1.19,1.05,17.24,4.46,1.17,2.88,798.0,27.7,12.16,0.085,ASTM_G65,alumina
75.16,0.672,1.08,1.44,15.26,1.15,1.09,4.14,746.0,21.1,10.55,0.172,ASTM_G65,alumina
89.76,0.361,0.48,0.71,0.27,2.09,1.08,5.25,480.0,13.4,4.54,0.266,ASTM_G65,SiC
73.13,0.707,0.75,1.48,16.25,1.2,0.41,6.06,703.0,21.0,9.41,0.117,ASTM_G65,SiC
83.42,0.735,0.16,0.66,4.21,1.64,2.44,6.73,699.0,24.6,9.43,0.118,ASTM_G65,alumina
82.48,1.978,0.34,1.17,3.1,1.4,2.25,7.29,900.0,40.0,17.03,0.07,ASTM_G65,sand
86.35,0.206,0.39,0.58,4.94,2.79,0.62,4.13,475.0,11.3,4.29,0.275,ASTM_G65,SiC
72.52,1.941,0.66,0.56,19.98,0.29,2.43,1.62,900.0,40.0,17.6,0.148,ASTM_G65,sand
80.34,1.073,0.87,0.57,7.66,0.26,1.73,7.49,744.0,27.6,11.23,0.179,ASTM_G65,SiC
79.59,1.609,1.34,0.62,12.09,1.08,1.58,2.09,900.0,34.6,16.22,0.087,ASTM_G65,alumina
89.38,1.005,0.96,0.99,2.16,1.09,0.02,4.38,598.0,19.1,7.43,0.5,ASTM_G65,alumina
86.81,0.279,0.29,1.46,6.4,1.34,2.21,1.21,475.0,14.7,4.65,0.398,ASTM_G65,sand
72.05,1.626,0.49,1.32,14.07,0.53,1.16,8.75,900.0,37.0,16.95,0.106,ASTM_G65,sand
69.6,1.867,1.25,0.7,14.6,1.96,1.29,8.73,900.0,40.0,16.99,0.192,ASTM_G65,sand
84.14,1.752,0.91,1.32,2.57,0.96,0.49,7.85,866.0,33.4,15.24,0.141,ASTM_G65,alumina
71.43,1.308,1.3,0.81,15.05,2.83,2.72,4.55,900.0,37.4,16.5,0.071,ASTM_G65,sand
77.56,1.934,1.33,0.67,4.85,2.42,1.97,9.27,900.0,40.0,17.26,0.117,ASTM_G65,sand
76.39,1.35,1.39,0.72,6.37,4.27,0.84,8.66,900.0,33.3,15.69,0.149,ASTM_G65,alumina
79.07,1.671,1.49,1.27,6.0,1.79,1.85,6.87,900.0,37.6,16.6,0.072,ASTM_G65,sand
81.21,1.445,1.24,0.97,8.72,1.71,2.72,1.98,896.0,35.2,16.23,0.177,ASTM_G65,SiC
83.77,0.552,0.15,0.34,3.35,2.17,1.7,7.96,660.0,20.5,8.95,0.114,ASTM_G65,alumina
76.19,1.92,1.08,0.92,6.84,3.7,2.96,6.39,900.0,40.0,17.19,0.157,ASTM_G65,alumina
74.02,1.766,0.91,0.5,12.03,1.85,0.81,8.11,900.0,38.4,16.84,0.203,ASTM_G65,SiC
89.49,0.643,0.8,0.38,3.74,1.38,1.08,2.49,612.0,16.6,7.05,0.163,ASTM_G65,SiC
90.29,1.784,0.27,0.52,0.59,1.09,0.89,4.56,858.0,33.0,15.09,0.089,ASTM_G65,sand
74.35,1.037,1.13,1.33,6.69,4.69,1.41,9.37,893.0,31.2,15.26,0.086,ASTM_G65,alumina
68.19,0.418,0.24,0.61,15.85,4.18,2.68,7.84,888.0,27.1,14.17,0.128,ASTM_G65,sand
87.76,0.271,0.12,1.03,2.36,3.84,2.85,1.77,563.0,18.0,6.69,0.179,ASTM_G65,sand
86.58,0.83,0.26,0.83,2.75,3.07,0.07,5.61,609.0,19.4,7.43,0.143,ASTM_G65,alumina
72.56,0.336,0.86,0.32,15.32,3.33,1.56,5.71,666.0,20.5,8.79,0.119,ASTM_G65,sand
87.73,1.554,0.96,1.15,2.11,0.79,1.99,3.72,819.0,32.6,13.36,0.154,ASTM_G65,sand
75.87,0.854,0.5,1.15,7.35,2.35,2.97,8.95,852.0,30.7,14.63,0.09,ASTM_G65,SiC
67.14,1.373,0.32,0.72,15.89,3.42,1.82,9.31,900.0,38.9,16.82,0.066,ASTM_G65,SiC
92.88,1.112,0.13,0.9,0.19,3.01,0.94,0.83,639.0,23.0,8.61,0.146,ASTM_G65,sand
74.02,0.351,0.74,1.1,18.07,3.82,0.24,1.66,554.0,16.0,6.06,0.217,ASTM_G65,sand
74.58,1.336,0.22,0.87,8.74,1.56,2.96,9.74,900.0,38.0,16.79,0.091,ASTM_G65,alumina
87.99,1.429,0.21,1.03,1.18,4.14,0.12,3.9,837.0,28.2,13.02,0.082,ASTM_G65,SiC
70.32,1.992,0.45,0.6,15.22,1.68,0.17,9.58,900.0,40.0,17.42,0.164,ASTM_G65,alumina
78.59,1.814,0.91,0.78,9.02,2.16,2.92,3.8,900.0,40.0,17.07,0.22,ASTM_G65,sand
83.73,1.202,0.24,1.13,10.02,3.47,0.17,0.04,744.0,25.0,10.94,0.101,ASTM_G65,SiC
81.13,1.585,0.84,0.78,2.51,2.02,1.65,9.48,900.0,36.2,16.34,0.075,ASTM_G65,alumina
78.89,1.271,0.71,0.72,4.04,3.57,1.91,8.9,887.0,34.0,15.76,0.121,ASTM_G65,alumina
69.93,0.239,1.31,1.5,14.87,4.85,1.49,5.82,681.0,20.3,9.03,0.114,ASTM_G65,SiC
76.82,0.527,0.33,1.21,13.81,2.43,0.15,4.73,686.0,17.3,8.61,0.184,ASTM_G65,sand
87.14,1.95,1.16,1.44,2.18,2.79,2.45,0.89,900.0,40.0,17.17,0.061,ASTM_G65,SiC
84.79,0.491,0.84,1.02,4.31,2.52,0.02,6.02,502.0,14.2,5.11,0.2,ASTM_G65,sand
73.54,1.986,0.97,0.35,17.76,3.63,0.64,1.14,900.0,40.0,17.08,0.119,ASTM_G65,alumina
82.28,0.926,1.05,1.41,10.0,0.89,0.43,3.02,607.0,20.6,7.39,0.198,ASTM_G65,sand
68.3,1.052,0.18,1.13,16.08,4.44,0.06,8.75,900.0,29.6,15.36,0.081,ASTM_G65,sand
68.19,1.561,0.55,0.77,18.95,2.31,2.18,5.5,900.0,40.0,17.4,0.162,ASTM_G65,SiC
71.72,1.633,0.64,1.1,17.51,1.13,1.39,4.87,900.0,37.5,16.73,0.257,ASTM_G65,alumina
74.39,0.596,0.39,0.69,16.7,4.8,2.22,0.21,696.0,25.5,9.49,0.242,ASTM_G65,SiC
72.55,0.324,0.85,0.31,14.07,0.71,2.68,8.5,692.0,22.1,9.13,0.111,ASTM_G65,alumina
87.0,0.3,0.77,1.32,3.2,3.86,0.51,3.05,481.0,12.4,4.49,0.227,ASTM_G65,sand
75.19,0.826,1.14,1.24,8.61,4.3,1.07,7.62,769.0,26.3,11.93,0.194,ASTM_G65,SiC
73.74,1.97,1.02,0.66,13.39,1.38,0.42,7.41,900.0,39.9,17.16,0.061,ASTM_G65,SiC
85.36,0.892,0.37,1.45,0.87,1.93,1.0,8.13,648.0,22.6,8.48,0.153,ASTM_G65,alumina
78.81,1.698,1.12,0.88,9.7,4.7,2.19,0.9,900.0,40.0,16.87,0.065,ASTM_G65,sand
83.51,0.331,0.87,1.24,9.07,1.88,2.82,0.29,564.0,18.2,6.64,0.19,ASTM_G65,sand
84.91,0.377,0.67,0.84,5.73,4.32,1.76,1.41,545.0,17.7,6.05,0.199,ASTM_G65,sand
80.72,1.466,1.26,1.14,8.57,1.66,2.2,2.98,900.0,34.3,16.23,0.078,ASTM_G65,sand
79.04,0.613,0.34,1.3,7.59,4.89,2.88,3.34,808.0,26.7,12.58,0.131,ASTM_G65,sand
79.65,0.846,1.12,1.0,10.41,0.74,2.26,3.98,759.0,25.3,10.97,0.16,ASTM_G65,alumina
75.32,1.751,0.42,1.03,17.86,0.34,2.63,0.65,900.0,40.0,17.15,0.061,ASTM_G65,sand
70.68,0.314,1.21,1.39,18.7,4.32,2.87,0.52,708.0,23.5,9.84,0.119,ASTM_G65,alumina
76.43,1.096,0.29,0.93,6.81,2.93,1.62,9.9,900.0,31.2,15.55,0.099,ASTM_G65,alumina
79.48,0.439,1.13,1.34,5.31,1.84,1.77,8.68,643.0,19.7,8.21,0.176,ASTM_G65,sand
80.93,0.709,0.11,1.1,9.99,1.04,0.53,5.6,648.0,19.0,7.84,0.251,ASTM_G65,SiC
72.73,1.895,0.45,1.44,9.5,3.15,0.88,9.94,900.0,40.0,17.13,0.101,ASTM_G65,alumina
75.41,0.46,0.8,1.25,18.57,1.01,0.7,1.8,601.0,16.5,6.68,0.2,ASTM_G65,SiC
88.59,1.36,0.57,0.74,0.63,4.87,2.58,0.65,835.0,33.5,14.62,0.151,ASTM_G65,alumina
82.63,0.384,0.29,0.3,13.75,1.26,0.91,0.47,497.0,14.1,5.33,0.191,ASTM_G65,SiC
78.22,1.867,0.84,0.47,13.05,0.36,0.5,4.71,900.0,36.1,16.43,0.144,ASTM_G65,SiC
86.51,0.49,0.66,0.64,8.94,0.5,2.21,0.04,525.0,17.2,5.94,0.191,ASTM_G65,alumina
84.35,1.787,0.74,1.15,1.71,3.89,2.27,4.11,900.0,40.0,16.88,0.064,ASTM_G65,sand
76.84,1.832,1.07,1.06,12.11,0.84,2.65,3.6,900.0,40.0,17.55,0.174,ASTM_G65,sand
74.09,1.904,0.1,0.7,12.54,1.54,1.97,7.15,900.0,40.0,17.62,0.116,ASTM_G65,SiC
78.68,1.88,1.31,0.58,10.26,2.92,0.9,3.48,900.0,38.6,17.06,0.072,ASTM_G65,sand
72.23,0.942,1.29,1.25,18.13,1.32,1.49,3.35,803.0,27.0,12.41,0.094,ASTM_G65,alumina
81.51,1.724,0.53,1.22,9.51,3.15,1.73,0.62,900.0,37.4,16.75,0.077,ASTM_G65,sand
87.86,1.243,1.37,0.83,2.64,0.24,1.43,4.38,758.0,26.2,10.94,0.106,ASTM_G65,SiC
71.17,0.701,0.19,1.1,13.24,4.28,0.48,8.84,778.0,24.6,11.5,0.289,ASTM_G65,alumina
75.53,0.247,0.47,0.98,14.21,3.34,0.56,4.66,518.0,15.3,5.66,0.302,ASTM_G65,alumina
84.7,0.979,0.23,1.12,5.06,3.42,0.53,3.96,693.0,23.2,9.58,0.11,ASTM_G65,alumina
84.09,1.617,0.62,1.42,0.32,2.25,2.72,6.96,900.0,38.3,16.95,0.103,ASTM_G65,SiC
74.38,0.742,0.32,1.04,16.73,4.11,2.5,0.17,772.0,27.9,11.98,0.125,ASTM_G65,sand
72.12,1.702,1.44,1.32,18.76,0.09,1.89,2.68,900.0,38.2,16.94,0.061,ASTM_G65,alumina
85.15,1.732,0.92,0.81,1.54,3.65,0.22,5.98,900.0,33.7,16.15,0.135,ASTM_G65,alumina
79.42,0.945,0.59,0.43,5.52,2.89,2.46,7.73,849.0,30.0,14.03,0.085,ASTM_G65,alumina
79.87,0.388,1.28,0.69,13.09,3.16,0.98,0.54,574.0,16.1,6.2,0.31,ASTM_G65,sand
82.65,0.774,0.2,1.14,0.58,4.47,2.92,7.26,747.0,28.6,11.22,0.095,ASTM_G65,alumina
73.98,1.954,0.44,1.48,16.24,3.08,0.23,2.59,900.0,39.2,17.19,0.223,ASTM_G65,SiC
75.72,0.415,1.06,1.01,11.49,2.99,2.96,4.36,714.0,23.7,9.75,0.111,ASTM_G65,sand
78.84,1.351,0.65,0.81,9.42,2.56,0.59,5.78,897.0,30.3,15.44,0.08,ASTM_G65,SiC
74.69,0.297,0.69,0.91,17.99,0.01,1.22,4.19,588.0,15.6,6.66,0.154,ASTM_G65,SiC
89.76,1.477,0.88,0.51,0.96,1.09,2.63,2.7,894.0,32.8,15.65,0.143,ASTM_G65,alumina
83.59,1.505,1.16,0.53,3.17,4.83,0.56,4.65,876.0,32.4,15.15,0.102,ASTM_G65,sand
66.32,1.292,0.17,0.31,17.83,4.55,0.87,8.65,900.0,36.2,16.31,0.094,ASTM_G65,alumina
84.53,0.805,1.19,1.2,1.0,0.89,1.72,8.68,730.0,22.8,10.27,0.164,ASTM_G65,SiC
78.15,0.963,0.87,0.98,8.34,3.43,2.12,5.15,783.0,29.3,12.34,0.121,ASTM_G65,SiC
74.59,1.058,1.28,0.4,14.14,4.37,1.26,2.89,896.0,29.7,15.06,0.192,ASTM_G65,SiC
78.37,0.974,0.12,1.43,13.95,1.12,0.83,3.22,812.0,24.0,12.18,0.086,ASTM_G65,sand
77.09,0.748,0.17,0.3,16.89,4.39,0.3,0.1,714.0,21.6,9.9,0.142,ASTM_G65,alumina
82.66,1.717,1.35,1.0,5.22,1.94,1.86,4.25,900.0,37.0,16.86,0.095,ASTM_G65,alumina
84.36,1.393,0.61,0.45,1.85,0.09,2.39,8.85,900.0,33.1,15.42,0.124,ASTM_G65,sand
89.02,0.746,0.99,0.96,3.55,1.63,0.06,3.04,549.0,15.6,6.1,0.411,ASTM_G65,SiC
82.43,0.561,1.34,0.55,5.34,3.29,0.39,6.1,627.0,17.5,7.2,0.219,ASTM_G65,sand
70.55,0.796,0.56,0.73,15.67,2.15,2.14,7.4,785.0,28.9,12.62,0.103,ASTM_G65,SiC
71.57,1.126,0.51,0.94,13.16,2.72,0.05,9.93,851.0,28.7,13.97,0.143,ASTM_G65,alumina
86.97,0.794,0.95,0.41,0.53,4.08,2.83,3.44,765.0,26.3,11.56,0.155,ASTM_G65,alumina
69.84,0.227,1.06,0.77,14.34,3.32,1.79,8.65,715.0,20.7,9.8,0.232,ASTM_G65,sand
87.15,1.189,0.97,0.51,2.87,1.27,1.16,4.88,785.0,25.9,11.77,0.092,ASTM_G65,sand
79.65,1.903,1.18,0.81,11.62,2.35,1.15,1.33,900.0,38.5,16.73,0.082,ASTM_G65,alumina
68.13,1.483,0.88,0.78,15.65,4.89,0.28,7.89,900.0,36.6,16.65,0.083,ASTM_G65,alumina
77.24,1.263,1.05,0.46,14.98,1.11,2.85,1.06,900.0,33.6,15.7,0.128,ASTM_G65,SiC
80.84,0.283,1.06,0.9,6.27,3.45,0.75,6.45,593.0,15.1,6.99,0.181,ASTM_G65,sand
91.86,0.388,1.09,0.56,4.13,0.09,0.02,1.87,389.0,8.1,3.53,0.309,ASTM_G65,SiC
70.83,1.703,0.63,0.32,19.17,2.73,2.75,1.88,900.0,40.0,16.88,0.07,ASTM_G65,SiC
84.41,1.117,1.27,0.54,1.56,4.19,1.39,5.53,827.0,28.3,13.21,0.115,ASTM_G65,SiC
73.4,1.921,1.24,1.2,8.84,4.71,1.47,7.21,900.0,40.0,17.13,0.086,ASTM_G65,SiC
64.82,1.65,0.44,1.23,17.8,4.09,1.87,8.1,900.0,40.0,17.39,0.141,ASTM_G65,sand
79.21,1.285,1.45,1.37,11.53,2.12,0.59,2.45,819.0,27.9,12.86,0.202,ASTM_G65,alumina
70.58,0.823,0.18,0.52,15.44,1.43,2.68,8.35,900.0,30.6,15.18,0.095,ASTM_G65,sand
85.75,0.577,0.45,1.49,9.07,1.25,0.19,1.21,479.0,13.8,4.89,0.245,ASTM_G65,SiC
79.81,1.817,0.79,1.25,0.22,4.94,2.76,8.41,900.0,40.0,17.64,0.065,ASTM_G65,alumina
83.9,0.661,0.31,0.97,6.65,1.94,0.08,5.49,551.0,16.8,6.35,0.164,ASTM_G65,sand
82.01,0.46,0.87,0.59,8.99,2.04,1.71,3.33,675.0,18.4,8.25,0.166,ASTM_G65,SiC
72.45,1.45,1.37,1.15,9.69,4.27,1.06,8.56,900.0,36.4,16.71,0.081,ASTM_G65,alumina
84.56,1.847,1.27,0.77,6.24,1.48,0.75,3.09,900.0,34.9,16.27,0.128,ASTM_G65,alumina
69.4,1.197,0.66,1.43,15.77,2.17,1.92,7.46,900.0,34.3,16.0,0.07,ASTM_G65,sand
67.48,1.487,1.14,0.71,15.3,4.19,1.43,8.27,900.0,39.5,17.09,0.088,ASTM_G65,SiC
68.4,1.371,1.04,0.96,17.56,1.65,1.43,7.59,900.0,35.6,16.68,0.076,ASTM_G65,SiC
76.15,0.649,0.7,0.99,11.29,2.9,2.22,5.1,763.0,25.2,10.96,0.109,ASTM_G65,alumina
80.42,0.877,0.8,1.0,14.85,0.12,0.35,1.58,653.0,19.6,8.06,0.266,ASTM_G65,sand
69.43,0.893,0.81,0.53,19.41,4.62,2.33,1.98,900.0,31.8,15.61,0.111,ASTM_G65,SiC
85.48,0.365,0.24,1.11,6.23,2.48,2.25,1.83,556.0,17.5,6.11,0.172,ASTM_G65,sand
81.57,0.958,0.12,1.31,5.68,2.35,1.23,6.78,719.0,25.5,10.22,0.199,ASTM_G65,SiC
74.27,1.45,1.32,1.36,11.69,2.97,1.86,5.08,900.0,36.3,16.5,0.263,ASTM_G65,alumina
76.73,0.943,1.45,1.06,15.13,2.55,1.29,0.85,768.0,25.5,11.17,0.137,ASTM_G65,alumina
82.88,0.56,1.29,1.15,3.56,2.76,2.13,5.68,675.0,21.5,9.15,0.235,ASTM_G65,SiC
82.87,0.466,1.48,0.95,0.53,1.75,2.94,9.02,665.0,22.2,8.74,0.163,ASTM_G65,alumina
77.73,1.563,0.68,0.78,7.66,2.98,2.14,6.48,900.0,38.4,16.68,0.067,ASTM_G65,sand
83.64,0.462,0.2,1.2,3.75,0.56,0.86,9.34,596.0,15.8,6.53,0.243,ASTM_G65,sand
84.65,0.223,0.26,1.26,4.96,2.52,0.67,5.45,406.0,12.1,3.64,0.303,ASTM_G65,SiC
77.55,0.641,1.41,0.68,11.36,3.99,1.77,2.59,695.0,23.6,9.54,0.158,ASTM_G65,sand
83.02,0.207,0.13,1.48,4.71,4.15,1.84,4.46,568.0,16.4,6.45,0.172,ASTM_G65,SiC
74.48,1.225,1.28,1.21,12.53,4.17,0.39,4.71,851.0,29.8,14.1,0.094,ASTM_G65,sand
84.97,1.572,0.58,0.89,6.15,1.91,0.22,3.7,876.0,29.9,14.61,0.088,ASTM_G65,sand
78.38,0.858,0.63,0.8,11.81,4.38,0.69,2.46,734.0,24.1,10.48,0.153,ASTM_G65,alumina
68.85,1.239,1.35,1.04,12.41,3.73,2.28,9.09,900.0,37.4,16.5,0.096,ASTM_G65,SiC
71.46,0.416,1.41,1.29,10.74,3.19,1.94,9.54,737.0,23.2,10.37,0.114,ASTM_G65,sand
83.51,1.127,0.35,1.49,6.47,0.44,2.15,4.46,833.0,28.0,12.99,0.08,ASTM_G65,sand
71.68,0.973,0.11,0.54,13.59,3.14,1.7,8.25,900.0,31.0,15.23,0.117,ASTM_G65,SiC
73.42,1.413,1.22,1.03,17.52,2.14,2.92,0.34,900.0,37.5,16.42,0.09,ASTM_G65,SiC
69.76,0.618,1.23,0.36,19.83,3.6,2.76,1.83,859.0,28.0,14.4,0.118,ASTM_G65,alumina
79.76,1.474,0.55,1.36,7.62,3.19,1.85,4.21,900.0,35.2,16.02,0.086,ASTM_G65,sand
78.48,1.087,1.05,1.18,8.54,0.6,2.38,6.69,824.0,29.9,13.58,0.194,ASTM_G65,SiC
85.75,1.268,1.3,0.68,2.92,0.34,1.69,6.06,789.0,28.3,12.5,0.181,ASTM_G65,alumina
89.59,0.432,0.3,1.1,2.29,1.99,0.47,3.82,443.0,12.5,4.31,0.28,ASTM_G65,alumina
84.96,0.916,0.63,0.56,12.04,0.74,0.01,0.14,655.0,18.2,7.91,0.173,ASTM_G65,alumina
75.32,1.966,0.17,0.32,11.28,0.31,2.43,8.2,900.0,40.0,17.13,0.126,ASTM_G65,SiC
82.94,0.347,0.45,1.17,7.89,2.75,0.83,3.61,573.0,14.6,6.36,0.269,ASTM_G65,alumina
79.34,1.36,1.38,0.31,8.53,2.83,0.01,6.24,846.0,28.9,13.9,0.17,ASTM_G65,alumina
83.81,0.996,1.46,1.05,0.36,4.11,1.5,6.72,727.0,27.0,10.78,0.119,ASTM_G65,sand
80.3,1.772,0.22,1.08,6.87,0.5,2.27,6.99,900.0,39.4,17.1,0.06,ASTM_G65,SiC
66.53,1.213,0.6,1.1,17.98,3.48,1.71,7.38,900.0,35.9,16.23,0.088,ASTM_G65,alumina
77.98,0.955,0.46,1.48,12.96,1.43,0.35,4.39,716.0,22.9,9.79,0.12,ASTM_G65,SiC
84.86,1.079,0.57,0.89,4.99,4.29,0.75,2.58,738.0,25.5,10.9,0.097,ASTM_G65,SiC
61.42,0.576,1.08,0.37,19.46,4.92,2.29,9.87,900.0,31.2,15.34,0.167,ASTM_G65,alumina
73.33,1.341,0.91,1.01,10.22,3.07,1.13,8.99,900.0,34.1,16.09,0.088,ASTM_G65,sand
71.03,1.909,0.98,0.47,14.98,4.39,1.1,5.14,900.0,40.0,17.04,0.061,ASTM_G65,sand
68.73,1.721,1.35,1.18,12.59,4.64,1.87,7.91,900.0,40.0,17.14,0.403,ASTM_G65,SiC
80.81,1.496,0.31,1.06,6.46,4.33,1.08,4.45,900.0,34.2,16.11,0.081,ASTM_G65,alumina
75.78,0.372,0.67,0.53,12.74,2.85,1.73,5.33,641.0,20.1,8.15,0.133,ASTM_G65,alumina
86.57,0.896,1.36,0.91,3.2,1.09,2.2,3.77,709.0,24.0,9.58,0.181,ASTM_G65,SiC
90.85,0.879,0.36,0.39,2.16,2.97,0.14,2.26,559.0,18.3,6.34,0.227,ASTM_G65,sand
83.57,0.622,1.29,0.67,3.97,1.56,0.54,7.77,619.0,17.6,7.19,0.148,ASTM_G65,alumina
66.82,0.599,1.07,0.47,19.88,1.66,2.25,7.26,805.0,27.0,12.13,0.175,ASTM_G65,alumina
68.2,1.409,0.47,1.07,13.64,3.64,2.59,9.0,900.0,40.0,17.51,0.059,ASTM_G65,alumina
69.64,1.282,0.85,0.59,13.68,4.97,0.99,8.0,900.0,35.3,15.91,0.075,ASTM_G65,sand
90.55,1.844,0.38,1.41,4.34,0.12,0.81,0.55,824.0,31.8,13.5,0.101,ASTM_G65,sand
76.7,1.481,1.46,0.36,10.26,1.31,1.39,7.05,900.0,34.3,15.85,0.08,ASTM_G65,alumina
81.43,1.856,0.18,1.01,7.19,4.34,0.65,3.33,900.0,38.0,16.73,0.11,ASTM_G65,SiC
82.44,1.908,0.82,0.63,7.06,3.2,0.42,3.52,900.0,37.0,16.93,0.062,ASTM_G65,sand
73.59,0.439,0.13,0.72,15.69,3.26,1.59,4.58,699.0,21.6,9.79,0.177,ASTM_G65,sand
84.39,0.853,0.86,0.41,6.49,0.71,1.68,4.6,697.0,22.8,9.41,0.108,ASTM_G65,alumina
72.85,1.059,1.26,1.2,11.45,1.86,2.0,8.33,814.0,31.3,13.38,0.082,ASTM_G65,sand
83.79,0.654,1.28,0.6,8.22,2.75,2.61,0.11,676.0,22.9,9.16,0.134,ASTM_G65,SiC
70.29,0.306,1.13,1.16,18.94,4.12,1.73,2.32,656.0,20.7,8.41,0.152,ASTM_G65,sand
85.15,1.927,0.52,1.39,3.64,0.21,2.38,4.79,900.0,39.7,17.37,0.458,ASTM_G65,alumina
81.95,1.408,1.1,1.02,1.1,1.84,2.33,9.25,900.0,34.9,16.22,0.078,ASTM_G65,alumina
82.32,1.935,0.11,1.49,1.51,4.18,2.85,5.61,900.0,40.0,17.3,0.08,ASTM_G65,sand
74.84,1.957,1.1,0.59,9.54,0.31,1.99,9.67,900.0,40.0,17.48,0.185,ASTM_G65,sand
68.81,1.777,1.41,0.9,19.13,2.5,0.46,5.02,900.0,38.8,17.03,0.087,ASTM_G65,SiC
91.08,1.847,0.66,0.6,0.81,0.03,1.64,3.33,853.0,34.6,14.85,0.091,ASTM_G65,SiC
73.68,0.305,0.22,1.13,15.54,4.34,1.51,3.29,701.0,19.7,9.45,0.108,ASTM_G65,SiC
76.84,1.998,1.45,1.32,10.08,2.54,2.8,2.97,900.0,40.0,17.11,0.081,ASTM_G65,SiC
69.69,1.504,1.42,0.39,16.55,1.64,1.77,7.04,900.0,38.0,16.68,0.081,ASTM_G65,SiC
71.1,1.383,1.37,0.74,16.58,3.08,2.49,3.25,900.0,37.9,16.66,0.103,ASTM_G65,SiC
67.32,0.921,1.23,0.92,17.87,0.58,2.49,8.67,900.0,31.6,15.28,0.068,ASTM_G65,sand
79.23,0.871,0.23,0.82,12.96,3.25,1.41,1.23,792.0,25.0,11.91,0.086,ASTM_G65,sand
79.36,1.827,1.09,1.22,9.42,3.73,2.02,1.34,900.0,40.0,17.03,0.227,ASTM_G65,alumina
83.76,1.394,1.19,0.65,9.07,0.43,0.2,3.29,788.0,26.3,12.18,0.11,ASTM_G65,SiC
82.93,1.595,0.96,1.22,5.5,0.01,1.38,6.4,900.0,32.9,15.63,0.072,ASTM_G65,sand
75.54,1.373,0.17,1.36,10.22,1.13,1.19,9.02,900.0,32.9,15.71,0.101,ASTM_G65,sand
81.87,0.481,0.49,1.4,4.21,4.53,1.99,5.03,667.0,21.5,8.52,0.226,ASTM_G65,alumina
73.24,1.922,1.43,1.25,8.72,2.08,2.67,8.69,900.0,40.0,17.25,0.112,ASTM_G65,alumina
70.94,1.685,1.48,0.51,15.87,4.89,2.17,2.46,900.0,40.0,17.22,0.088,ASTM_G65,alumina
72.1,1.316,0.31,1.48,19.57,1.36,1.59,2.28,900.0,32.9,16.0,0.125,ASTM_G65,sand
67.33,1.318,0.42,1.26,18.18,0.45,1.12,9.93,900.0,34.0,16.13,0.155,ASTM_G65,sand
76.09,1.131,0.84,0.99,15.35,1.01,2.83,1.75,879.0,31.9,15.04,0.077,ASTM_G65,SiC
81.44,0.373,1.36,1.24,8.63,4.76,1.62,0.58,541.0,18.1,6.0,0.482,ASTM_G65,sand
78.51,1.336,0.64,0.42,15.35,0.39,0.82,2.54,855.0,28.8,14.46,0.086,ASTM_G65,SiC
84.21,1.209,0.6,1.09,8.14,1.39,2.3,1.08,813.0,29.4,13.43,0.111,ASTM_G65,SiC
85.96,0.242,0.63,1.31,6.77,2.96,0.78,1.34,443.0,11.6,4.07,0.363,ASTM_G65,alumina
80.03,1.465,1.38,0.63,13.94,1.52,0.2,0.83,808.0,28.7,12.87,0.361,ASTM_G65,SiC
92.88,0.762,0.95,0.41,1.06,2.69,0.54,0.73,506.0,16.4,5.76,0.208,ASTM_G65,sand
65.24,1.326,1.2,1.22,19.88,1.06,2.74,7.33,900.0,38.8,17.19,0.097,ASTM_G65,SiC
74.98,1.453,0.81,0.58,13.58,2.58,0.75,5.28,900.0,33.3,15.87,0.095,ASTM_G65,SiC
85.47,0.382,0.13,1.43,2.71,4.5,1.42,3.95,507.0,17.3,5.1,0.217,ASTM_G65,alumina
87.54,1.491,0.41,1.06,6.69,1.13,0.12,1.56,764.0,26.7,11.59,0.18,ASTM_G65,SiC
87.92,1.481,1.0,0.91,2.75,1.86,1.81,2.26,796.0,31.5,13.06,0.082,ASTM_G65,sand
85.35,0.691,1.23,0.88,1.28,4.08,0.81,5.68,641.0,20.1,8.05,0.139,ASTM_G65,SiC
77.96,0.665,0.91,0.56,6.81,3.29,0.35,9.45,649.0,21.1,8.88,0.135,ASTM_G65,alumina
67.35,0.617,1.14,1.08,19.25,2.01,0.08,8.47,738.0,21.5,10.01,0.15,ASTM_G65,SiC
77.18,1.445,0.37,1.0,9.08,2.94,2.65,5.33,900.0,37.9,16.96,0.113,ASTM_G65,alumina
82.21,0.616,1.42,0.61,0.05,4.86,1.45,8.79,664.0,22.9,8.92,0.205,ASTM_G65,alumina
73.61,1.429,1.05,1.35,12.21,1.33,0.72,8.3,900.0,32.7,15.61,0.097,ASTM_G65,sand
71.36,1.725,0.27,0.45,12.21,3.29,1.85,8.85,900.0,40.0,17.08,0.181,ASTM_G65,alumina
76.75,0.235,1.4,1.39,12.03,1.74,1.11,5.35,578.0,14.9,6.02,0.214,ASTM_G65,SiC
91.65,0.494,1.45,0.86,2.41,0.78,0.09,2.26,450.0,10.3,3.83,0.317,ASTM_G65,SiC
83.13,0.402,0.61,0.6,7.48,2.79,1.9,3.08,628.0,18.3,7.84,0.376,ASTM_G65,sand
86.85,1.423,0.7,0.67,5.35,0.63,1.64,2.73,873.0,29.9,14.62,0.2,ASTM_G65,SiC
77.95,1.854,1.31,0.39,5.1,3.12,0.54,9.74,900.0,39.0,16.85,0.095,ASTM_G65,sand
79.7,1.445,0.26,1.03,3.36,3.56,2.93,7.71,900.0,38.9,17.02,0.069,ASTM_G65,SiC
75.45,0.644,0.39,1.48,17.06,3.75,1.16,0.07,693.0,22.0,9.17,0.125,ASTM_G65,alumina
79.26,0.966,0.86,0.46,10.31,1.62,0.77,5.77,777.0,24.4,11.3,0.115,ASTM_G65,alumina
65.38,1.967,0.58,0.46,17.53,4.58,0.68,8.82,900.0,40.0,17.18,0.098,ASTM_G65,sand
80.32,1.63,0.28,0.93,11.02,4.44,0.72,0.64,900.0,34.7,16.01,0.065,ASTM_G65,SiC
90.78,0.282,0.8,1.29,5.33,0.16,0.53,0.84,380.0,8.0,3.64,0.289,ASTM_G65,SiC
72.85,1.708,1.46,1.42,10.07,2.55,2.72,7.22,900.0,40.0,17.28,0.068,ASTM_G65,alumina
76.04,1.783,0.39,0.6,18.0,0.07,2.72,0.39,900.0,40.0,17.04,0.152,ASTM_G65,SiC
69.47,0.785,0.6,1.14,18.27,1.3,2.21,6.24,837.0,28.3,13.4,0.099,ASTM_G65,alumina
78.42,0.51,0.89,0.53,15.78,0.61,2.27,0.99,705.0,20.3,9.21,0.117,ASTM_G65,alumina
71.68,1.806,0.83,0.72,16.54,4.06,0.66,3.71,900.0,39.9,17.52,0.058,ASTM_G65,sand
78.56,1.774,0.51,0.79,3.71,4.43,0.28,9.94,900.0,38.0,16.6,0.067,ASTM_G65,sand
79.95,1.139,1.19,1.02,1.53,4.93,0.43,9.8,862.0,28.7,14.08,0.078,ASTM_G65,sand
90.0,0.405,0.79,0.54,3.95,2.61,1.67,0.03,560.0,14.9,6.08,0.221,ASTM_G65,SiC
74.83,1.873,0.58,1.18,13.85,0.66,1.28,5.74,900.0,39.6,17.14,0.136,ASTM_G65,alumina
76.8,1.876,1.32,0.44,2.94,4.77,2.44,9.42,900.0,40.0,17.12,0.106,ASTM_G65,alumina
73.03,1.863,1.05,0.78,13.43,3.74,0.91,5.2,900.0,40.0,17.0,0.117,ASTM_G65,sand
78.84,0.377,1.33,0.5,13.17,2.76,2.64,0.39,631.0,20.5,7.85,0.147,ASTM_G65,sand
75.95,0.228,0.86,0.37,14.48,4.81,0.56,2.74,554.0,15.6,6.67,0.235,ASTM_G65,alumina
70.78,0.931,0.37,0.67,18.48,0.74,1.42,6.61,871.0,27.8,14.08,0.076,ASTM_G65,alumina
90.09,0.342,0.52,1.35,3.19,1.12,0.65,2.75,429.0,10.5,3.74,0.454,ASTM_G65,alumina
73.74,1.664,0.9,0.32,11.71,4.73,1.66,5.28,900.0,40.0,17.26,0.1,ASTM_G65,sand
84.38,0.92,0.96,1.05,1.43,3.6,0.25,7.41,733.0,22.3,10.28,0.111,ASTM_G65,alumina
83.73,1.643,0.28,0.49,6.42,2.9,1.03,3.5,900.0,34.3,15.92,0.095,ASTM_G65,SiC
74.21,0.448,0.67,0.88,19.01,2.53,0.57,1.69,648.0,17.5,7.82,0.207,ASTM_G65,SiC
70.38,1.811,0.9,0.5,19.86,2.51,0.75,3.29,900.0,39.5,17.08,0.065,ASTM_G65,SiC
77.24,0.852,1.29,1.36,5.78,4.63,0.57,8.27,775.0,25.0,11.27,0.274,ASTM_G65,sand
79.39,1.063,0.87,1.15,4.94,4.24,1.26,7.08,859.0,29.0,13.84,0.074,ASTM_G65,SiC
82.03,1.488,0.22,0.95,10.83,0.56,1.41,2.5,890.0,31.6,15.1,0.132,ASTM_G65,alumina
87.12,0.568,0.43,0.37,3.54,0.06,2.02,5.88,621.0,18.7,7.31,0.137,ASTM_G65,SiC
86.48,1.487,0.13,0.83,3.05,3.32,0.64,4.07,816.0,30.5,13.37,0.104,ASTM_G65,SiC
76.03,1.751,0.59,1.31,6.95,3.04,1.41,8.93,900.0,40.0,16.62,0.148,ASTM_G65,SiC
68.49,1.917,0.87,0.97,19.43,4.63,0.63,3.07,900.0,40.0,17.22,0.1,ASTM_G65,alumina
71.86,1.724,0.54,1.19,10.17,3.65,1.58,9.28,900.0,40.0,17.19,0.088,ASTM_G65,sand
88.38,1.424,0.42,0.34,5.49,3.14,0.05,0.75,722.0,26.7,10.46,0.146,ASTM_G65,alumina
68.96,0.283,0.97,1.2,15.95,3.36,1.82,7.46,749.0,21.6,10.23,0.173,ASTM_G65,SiC
71.68,1.366,1.23,1.36,14.83,1.78,1.35,6.42,900.0,34.0,15.83,0.116,ASTM_G65,sand
75.03,1.455,0.1,1.34,14.53,3.85,0.17,3.52,883.0,32.3,15.4,0.154,ASTM_G65,SiC
81.94,1.63,1.27,1.33,8.23,4.04,1.04,0.53,882.0,34.3,15.75,0.094,ASTM_G65,sand
85.92,0.905,1.34,1.04,2.96,3.63,2.54,1.66,736.0,26.6,11.13,0.136,ASTM_G65,sand
77.34,1.445,0.83,0.71,13.51,1.67,1.06,3.43,900.0,32.3,15.5,0.074,ASTM_G65,sand
67.94,1.891,0.8,1.47,17.85,0.49,2.44,7.12,900.0,40.0,17.06,0.092,ASTM_G65,alumina
81.88,0.836,0.42,0.7,3.4,4.62,2.09,6.05,775.0,27.5,12.09,0.093,ASTM_G65,SiC
75.41,0.957,0.57,1.49,14.01,2.7,2.61,2.27,875.0,30.2,14.75,0.074,ASTM_G65,alumina
71.48,1.923,0.22,0.94,14.08,0.33,1.66,9.37,900.0,40.0,17.28,0.078,ASTM_G65,sand
72.5,0.54,0.71,0.94,14.43,4.38,1.63,4.89,777.0,24.1,11.39,0.14,ASTM_G65,alumina
74.86,1.495,1.39,1.28,6.82,4.27,1.4,8.47,900.0,37.2,16.77,0.123,ASTM_G65,alumina
68.7,1.959,0.97,0.72,15.97,0.82,2.98,7.89,900.0,40.0,16.92,0.068,ASTM_G65,SiC
75.89,1.345,0.32,1.23,13.52,1.42,2.53,3.74,890.0,35.1,16.11,0.127,ASTM_G65,sand
68.37,0.253,0.86,1.49,15.04,4.17,1.48,8.32,713.0,21.1,9.83,0.144,ASTM_G65,sand
87.86,1.662,0.24,1.33,2.99,0.87,0.23,4.81,868.0,29.8,14.56,0.07,ASTM_G65,SiC
85.27,0.843,1.4,1.33,2.25,4.89,2.43,1.58,694.0,26.3,10.05,0.251,ASTM_G65,alumina
87.22,1.383,0.47,0.51,0.27,3.01,2.94,4.2,895.0,34.8,16.06,0.268,ASTM_G65,SiC
69.05,0.226,0.94,1.01,19.85,3.16,1.95,3.81,609.0,20.3,7.47,0.255,ASTM_G65,alumina
68.02,1.205,0.63,0.85,19.8,0.84,2.19,6.45,900.0,34.7,16.42,0.073,ASTM_G65,SiC
